2avat  (tutor    a, 21 blocks)
  u | 5n | 05/17/84 | 11/05/97 | s | s | Andrew S | hapira/Br | uce Maggs | ciclaw | 2163676410 | mideivil h | istory | most | intertermi | nal common | testingg | 00.53.20. | admin | a | s | coserv | coserv | publish | ijj9< | 2avatuse | avatarbv | mu2+ «{75} | 0catnote | coserv | s0edit | 5 | e | a

=== block '*directory'  kind 00  0 words  (block 0)

=== block 'title'  kind 00  191 words  (block 1)
*
**      title page for Avatar
*
jumpout zcondok;x;q
*
define  title
use     nc consts               $$ constants
*
unit    title
*
**      draw the dragon and list title and credits
*
leslist (startl),(startl)
jumpout zreturn;x;q
*
*box
do      green  $$  Let's add some color to this monster.dmr
do      dragon1         $$ lower neck, jaw, teeth
branch  key = stop,1title,x
do      dragon2a        $$ eyes, hair
branch  key = stop,1title,x
do      dragon2b        $$ details of hair
branch  key = stop,1title,x
do      dragon3a        $$ upper front leg, claw
branch  key = stop,1title,x
do      dragon3b        $$ lower front leg, claw
branch  key = stop,1title,x
do      dragon4a        $$ hind leg
branch  key = stop,1title,x
do      dragon4b        $$ tail and rump
branch  key = stop,1title,x
do      dragon5a        $$ wings outline
branch  key = stop,1title,x
do      dragon5b        $$ wing struts
branch  key = stop,1title,x
do      dragon6         $$ scaling on tail and back
branch  key = stop,1title,x
*
do      white
size    0.75
atnm    312,144
write   M. St. Clair '84
*
1title
*
lineset gothic
*draw    0,104;skip;8,104;504,104;
do      blue
size    9,3
altfont on
at      40,80
write   avatar
at      41,80
write   avatar
altfont 0
size    0
do      white
at      2910
write   Copyright 1979, 1980, 1981, 1982, 1983, 1984
at      3012
write   Bruce Maggs, Andrew Shapira, David Sides
         Tom Kirchman, Greg Janusz, Mark Eastom
*
pause   keys=funct
jumpout <gtentry>
jumpout q
*

=== block 'dragon1'  kind 00  273 words  (block 2)
unit    dragon1
*
**      neck, jaw and teeth
*
draw    318,317;320,321;324,324;328,327;333,329;339,332;
        344,335;345,337;346,340;346,344;346,346;350,349;
        356,349;361,353;364,357;skip;359,362;363,359;
        369,355;374,352;377,353;383,354;388,356;393,357;
        398,356;403,353;410,355;416,355;422,353;426,352;
        430,353;
draw    ;428,348;427,343;425,337;425,335;428,338;430,341;
        432,346;435,350;433,344;430,337;429,333;428,330;
        432,334;435,340;436,346;440,352;442,353;444,362;
        440,367;439,371;444,374;452,376;457,379;461,384;
        463,390;464,395;464,399;461,393;458,387;458,391;
draw    ;459,398;
draw    ;455,391;451,386;446,382;439,380;436,382;436,380;
        427,379;418,378;411,377;403,375;396,374;389,375;skip;
        438,371;432,370;skip;430,369;424,369;skip;422,369;
        416,369;412,368;
draw    440,367;437,366;436,371;skip;437,365;435,364;skip;
        435,364;433,374;430,363;skip;435,364;430,363;
        426,363;424,371;421,366;skip;425,363;420,366;skip;
        421,366;421,369;416,366;skip;420,365;413,367;
        406,368;397,367;390,368;388,375;390,382;
draw    ;395,386;401,389;407,391;414,394;421,400;423,400;
        429,399;436,399;442,401;449,404;452,405;454,408;
        454,410;451,413;449,416;skip;445,409;447,414;
        449,417;451,421;450,423;445,426;440,429;438,430;
        437,429;434,426;432,424;429,420;425,416;420,414;
draw    ;414,413;
draw    ;405,412;397,412;390,411;
draw    452,405;453,400;452,396;449,391;449,397;446,403;
        448,395;442,386;444,392;443,395;440,400;436,394;
        433,399;431,394;428,399;425,395;422,400;skip;
        419,398;419,393;413,394;skip;412,393;413,389;
        408,392;408,388;404,390;403,386;400,389;399,385;
        396,386;
draw    412,367;412,370;410,368;406,370;404,368;403,368;
        399,371;397,367;394,370;391,368;skip;445,377;
        436,375;426,375;413,373;405,371;396,371;389,371;
draw    409,395;403,393;395,391;391,389;385,386;383,385;
        383,384;382,380;381,375;380,371;381,368;386,365;
        391,363;389,369;skip;391,384;386,381;skip;436,409;
        441,412;442,415;440,418;skip;434,413;437,414;
        437,417;436,419;435,417;434,416;433,413;
draw    445,422;447,425;444,426;443,423;444,422;skip;
        426,414;425,410;skip;423,412;422,408;skip;419,410;
        418,406;skip;415,409;414,405;skip;411,409;410,404;skip;
        408,408;406,403;skip;402,408;401,403;skip;398,407;
        397,402;skip;394,407;
draw    ;393,402;skip;390,407;389,402;skip;387,406;386,402;

=== block 'dragon2a'  kind 00  240 words  (block 3)
unit    dragon2a
*
**      eyes and hair
*
draw    388,408;388,412;skip;390,411;388,411;385,415;
        388,418;391,423;skip;384,396;380,395;375,387;
        372,383;368,380;369,377;372,373;375,372;378,365;
draw    392,424;396,426;401,426;404,424;403,427;399,429;
        397,429;393,427;391,433;390,429;389,426;386,423;
        383,422;380,424;383,428;387,432;388,438;385,436;
        381,434;383,439;381,444;378,449;374,453;373,449;
        372,446;371,442;371,438;371,434;368,432;366,430;
        368,434;
draw    ;368,440;368,447;369,451;366,449;364,443;364,438;
        362,433;360,438;357,443;354,444;357,440;354,439;
        351,439;347,445;342,446;336,448;332,451;330,456;
        329,455;329,450;333,445;337,444;342,442;345,440;
        339,440;336,441;335,440;329,439;322,435;321,433;
draw    ;317,434;
draw    ;314,438;314,434;317,429;314,426;312,423;316,424;
        320,427;326,427;329,426;332,424;327,422;323,417;
        320,414;317,417;311,420;304,420;299,417;296,413;
        302,416;307,415;311,413;315,409;310,410;304,407;
        301,403;306,405;311,406;314,406;308,401;301,398;
draw    ;292,396;
draw    ;286,396;292,394;303,395;309,397;315,401;317,405;
        321,404;323,402;318,401;313,398;307,391;303,387;
        299,381;292,378;284,375;290,375;298,378;304,382;
        309,389;316,393;321,395;326,393;316,392;314,386;
        312,380;309,373;307,369;313,377;317,385;322,389;
draw    ;330,392;
draw    ;335,398;339,403;343,405;347,404;340,401;335,396;
        330,388;331,382;336,378;340,379;335,383;334,386;
        335,392;338,397;341,400;347,402;350,401;skip;
        353,401;351,407;347,409;341,409;
draw    368,380;363,380;359,380;355,381;351,379;348,379;
        347,380;347,384;348,388;351,392;354,394;357,397;
        359,400;skip;356,391;359,398;362,399;366,399;
        371,398;375,399;378,401;378,404;375,407;372,408;
        370,408;365,407;skip;373,408;376,413;379,412;
        382,409;
draw    ;384,409;387,406;388,409;skip;356,391;360,392;
        366,391;370,391;372,392;373,395;373,398;skip;
        375,399;376,398;376,395;374,393;371,390;skip;
        365,398;364,398;364,396;366,394;368,395;370,396;
        370,398;366,398;365,397;370,397;369,396;365,396;
draw    ;366,395;

=== block 'dragon2b'  kind 00  166 words  (block 4)
unit    dragon2b
*
**      details of the dragon's hair
*
draw    376,414;373,417;372,418;377,417;384,419;390,422;skip;
        384,422;377,421;381,426;skip;380,434;376,428;
        376,424;skip;376,421;372,424;367,426;360,426;
        367,427;372,429;378,433;378,434;374,435;370,433;skip;
        372,419;368,421;365,423;361,426;
draw    373,410;373,414;373,417;skip;373,408;367,410;
        364,415;363,419;360,421;357,422;359,426;362,428;
        362,432;359,431;356,426;353,422;351,418;352,413;
        353,409;skip;360,407;359,412;357,417;358,421;skip;
        360,420;360,417;361,410;360,407;skip;362,406;
draw    ;364,410;363,414;363,417;skip;371,411;367,416;
        366,421;skip;353,423;350,423;347,419;345,416;
        341,415;339,415;342,417;343,421;340,422;334,421;
        329,418;327,413;331,411;335,410;340,409;337,405;
        333,399;329,396;327,399;324,402;skip;328,396;
draw    ;325,393;
draw    335,403;331,403;327,403;322,402;skip;317,405;
        323,412;328,417;skip;301,416;305,418;311,417;
        314,414;317,412;skip;314,407;319,414;
draw    332,424;337,423;339,422;345,424;349,427;352,428;
        357,428;skip;358,430;355,431;351,430;348,429;
        344,427;339,426;336,426;332,427;328,430;326,431;
        323,431;321,433;skip;325,431;327,427;skip;320,427;
        317,429;skip;326,432;327,434;331,436;337,436;
draw    ;341,431;345,428;skip;350,430;347,432;340,436;
        335,440;skip;340,436;346,436;349,430;skip;346,436;
        351,437;356,434;358,431;skip;356,436;356,439;

=== block 'dragon3a'  kind 00  238 words  (block 5)
unit    dragon3a
*
**      upper front leg, claw
*
draw    322,323;323,317;323,311;321,301;317,294;314,289;
        310,284;309,281;
draw    309,281;313,282;317,284;322,287;327,289;331,292;
        332,294;334,298;335,302;337,306;341,308;345,309;
        350,311;353,312;357,312;361,309;364,307;368,306;
        371,307;375,309;379,311;384,312;387,313;391,316;
        394,316;397,319;401,321;405,322;409,324;411,325;
        412,324;
draw    ;417,326;421,327;426,327;430,326;432,324;430,325;
        426,324;419,323;414,321;skip;412,324;415,320;
        413,318;410,319;406,318;401,315;398,313;skip;
        395,316;399,313;401,312;404,312;409,313;413,314;
        415,314;416,313;421,314;427,315;431,314;434,312;
draw    ;430,313;
draw    ;423,311;418,310;skip;417,312;418,308;415,309;
        410,309;403,308;398,309;392,308;387,304;391,307;
        398,307;402,305;405,305;410,305;415,305;418,305;
        421,306;421,307;423,307;424,305;429,306;434,305;
        439,303;441,299;441,298;438,301;433,301;427,301;
draw    ;425,301;
draw    425,305;425,300;424,299;421,300;411,299;404,298;
        402,298;395,300;394,300;389,297;skip;400,298;
        404,294;407,292;410,291;415,286;416,283;419,279;
        419,277;417,276;418,272;419,267;419,262;415,255;
        416,262;415,269;413,274;skip;417,276;412,273;
        412,275;
draw    ;412,280;409,284;402,288;399,291;392,291;383,287;
        378,286;375,285;379,282;379,278;384,275;387,272;
        388,268;386,266;390,261;392,257;391,253;389,248;
        387,246;388,253;388,257;387,260;383,264;skip;
        386,266;383,262;382,264;382,267;381,269;378,270;
draw    ;375,269;
draw    ;372,266;370,266;368,268;368,271;367,274;367,277;
        368,281;366,284;366,287;362,288;358,289;356,288;skip;
        358,292;355,288;353,285;348,280;345,276;340,269;
        336,262;333,261;skip;308,281;304,273;303,270;skip;
        302,270;303,265;305,261;309,261;
draw    ;316,262;
draw    ;321,263;325,264;328,263;333,260;336,260;339,257;
        343,255;346,251;351,248;353,247;353,244;353,241;
        354,237;356,234;358,232;skip;283,296;287,295;
        292,291;293,287;296,281;299,277;300,273;302,270;skip;
        304,264;300,265;296,268;

=== block 'dragon3b'  kind 00  181 words  (block 6)
unit    dragon3b
*
**      lower front leg and claw
*
draw    359,231;364,230;368,228;371,225;371,223;371,219;skip;
        357,232;360,229;364,226;366,224;370,220;371,217;
        372,214;375,210;376,208;375,207;378,203;380,200;
        381,196;382,191;382,187;381,192;379,197;377,201;
        373,205;skip;375,207;373,203;370,212;367,217;
draw    ;363,221;359,222;skip;365,218;364,214;365,210;
        365,207;366,203;368,201;369,198;366,196;skip;
        369,199;370,200;370,201;368,202;370,206;369,209;
        370,212;skip;367,197;372,192;372,189;373,184;
        373,181;372,177;372,184;370,188;367,192;366,195;
draw    368,196;364,193;363,196;363,201;361,204;360,208;
        359,212;356,213;354,217;352,221;skip;356,213;
        354,210;353,206;354,202;355,201;356,199;356,196;
        356,194;355,192;351,189;349,186;346,184;345,185;
        344,180;342,176;338,173;333,171;339,177;343,184;
draw    345,183;341,185;341,187;344,191;347,193;349,196;
        349,199;348,202;348,204;347,207;346,208;345,210;
        345,214;343,220;skip;345,212;skip;368,190;365,183;
        360,177;364,185;367,191;skip;345,212;343,207;
        340,200;338,195;337,192;336,192;336,185;335,183;
draw    ;331,179;325,176;329,181;332,187;333,193;skip;
        336,190;331,194;331,197;334,200;334,203;335,208;
        337,212;336,215;335,220;332,223;330,226;328,230;
        327,234;325,240;skip;326,235;321,236;317,235;
        311,231;307,227;302,228;299,228;292,228;290,231;
draw    ;286,234;
draw    ;282,240;277,247;274,251;273,254;skip;280,252;
        273,253;266,251;263,252;258,256;253,261;252,264;
        253,266;254,272;
draw    282,240;277,235;270,232;262,227;246,224

=== block 'dragon4a'  kind 00  253 words  (block 7)
unit    dragon4a
*
**      hind leg
*
draw    255,221;260,218;265,216;272,210;277,205;278,202;
        279,196;279,191;282,190;287,191;289,192;290,191;
        298,192;303,192;307,191;310,188;308,189;304,189;
        297,189;292,188;skip;290,190;292,187;290,187;
        286,188;281,187;280,187;skip;279,190;278,187;
        281,187;
draw    278,187;275,180;270,173;265,167;259,163;251,158;
        244,155;236,152;223,150;skip;274,178;277,179;
        281,177;284,174;287,171;288,169;287,168;292,166;
        293,162;296,158;296,154;295,149;295,157;290,162;
        287,165;skip;287,168;286,164;284,165;283,168;
        280,172;
draw    ;276,173;272,174;skip;269,171;skip;270,172;273,168;
        275,166;280,165;280,163;279,161;285,157;287,154;
        289,149;289,145;288,142;287,139;286,147;283,153;
        278,158;skip;279,160;276,158;274,161;267,168;skip;
        274,159;273,158;278,153;279,150;
draw    ;280,144;
draw    ;278,139;277,146;274,152;271,156;skip;274,158;
        270,154;268,159;267,163;264,165;skip;262,164;
        263,159;266,154;267,153;265,152;269,146;269,137;
        266,132;266,137;266,145;265,147;263,148;261,150;skip;
        265,152;260,149;259,151;260,154;259,157;
draw    ;259,159;
draw    ;259,161;skip;223,150;216,147;212,145;215,151;
        206,147;199,142;189,135;183,129;181,127;183,136;
        187,142;192,148;200,155;191,156;198,160;207,163;
        214,164;225,165;235,168;242,171;245,173;249,178;
        251,181;254,184;256,187;
draw    ;257,181;256,178;254,173;249,167;245,163;240,159;
        234,155;229,153;225,151;skip;256,188;255,192;
        253,195;250,199;246,201;242,202;skip;255,201;
        249,203;244,203;237,202;230,201;221,198;207,192;
        199,186;204,183;207,181;209,178;209,176;210,175;
draw    ;214,175;218,175;221,174;225,174;227,176;230,178;
        235,178;239,177;245,175;skip;254,222;246,224;
        238,224;230,222;224,219;220,223;216,225;211,225;
        204,224;200,225;201,230;204,235;205,242;205,249;
        201,253;skip;200,225;196,230;skip;224,220;
draw    ;217,216;
draw    ;211,213;205,208;198,203;192,199;185,195;180,194;
        175,196;169,195;165,197;160,201;155,204;152,208;
        150,213;150,220;152,228;151,235;149,243;147,253;
        149,262;151,264;156,263;skip;154,206;150,205;
        145,204;143,207;140,212;137,216;131,218;

=== block 'dragon4b'  kind 00  122 words  (block 10)
unit    dragon4b
*
**      tail and rump
*
draw    200,186;193,182;181,174;170,168;159,161;151,160;
        142,157;129,156;118,157;104,161;93,167;84,176;
        77,189;71,201;69,216;69,233;72,250;79,262;85,272;
        91,279;96,282;105,287;108,289;110,291;115,295;
        121,299;skip;254,221;243,219;231,216;223,211;
draw    ;212,205;202,198;189,190;173,181;165,176;156,175;
        143,174;133,176;124,178;111,182;99,188;91,198;
        86,212;85,223;86,236;90,252;98,267;105,276;113,283;
        123,292;136,302;145,308;154,315;158,319;160,321;skip;
        235,224;229,220;218,214;213,211;
draw    ;204,205;
draw    ;193,198;182,192;175,187;167,184;158,181;150,181;
        140,182;127,183;115,189;107,193;100,202;96,211;
        92,220;92,228;95,239;99,249;105,260;112,269;
        118,275;126,285;135,292;144,299;152,305;159,311;
        164,314;skip;178,194;173,191;164,190;156,192;
draw    ;148,195;
draw    ;141,200;136,205;133,211;131,217;skip;100,285;
        98,291;97,296;96,301;99,306;104,313;110,318;
        117,321;125,327;133,328;139,328;146,332;151,332;
draw    239,218;

=== block 'dragon5a'  kind 00  214 words  (block 11)
unit    dragon5a
*
**      upper neck and wings
*
draw    330,388;325,385;321,384;316,381;skip;312,379;
        303,374;298,370;296,367;288,361;283,356;277,352;
        269,349;261,346;256,346;249,347;241,348;234,348;
        227,346;225,344;223,339;222,335;224,332;227,330;
        231,330;skip;313,385;307,383;301,380;295,374;
        287,367;
draw    ;282,363;277,359;272,356;267,354;259,352;253,353;
        247,353;241,355;235,355;231,354;228,352;skip;
        227,346;228,353;235,359;240,363;241,366;
draw    242,367;245,367;248,369;251,370;256,371;260,371;
        266,373;272,376;276,379;278,382;279,386;282,391;
        283,398;286,405;292,413;296,419;298,426;299,433;
        300,443;301,451;301,457;299,454;297,450;296,447;
        292,442;289,438;286,434;283,431;279,429;275,432;
        272,436;
draw    ;269,441;266,447;264,456;263,464;262,471;260,476;
        257,479;258,475;257,473;257,468;257,465;254,460;
        253,464;248,468;243,474;239,478;231,481;236,475;
        239,469;243,463;244,458;244,453;240,450;237,451;
        232,453;227,460;224,465;221,471;218,477;216,472;
draw    ;213,468;
draw    ;207,464;200,461;196,464;190,470;184,474;177,478;
        168,480;165,479;172,477;175,472;180,466;181,459;
        182,455;177,455;170,454;162,456;151,458;139,462;
        126,467;113,475;117,468;114,466;107,465;103,463;
        103,461;108,457;114,453;115,450;108,448;95,446;
draw    ;85,448;
draw    ;75,449;65,451;56,451;56,449;58,447;62,446;69,444;
        74,440;82,437;90,431;96,425;101,422;99,420;92,419;
        86,417;78,410;70,405;62,399;67,398;73,401;79,401;
        87,400;91,397;86,393;80,389;72,385;64,380;58,376;
        57,373;64,375;
draw    ;68,375;
draw    ;77,372;85,369;89,367;82,362;77,357;74,352;69,347;
        66,343;74,345;82,352;88,357;92,359;95,358;97,358;
        95,353;94,345;85,334;79,326;72,321;71,318;76,319;
        84,325;94,328;104,333;114,334;124,334;133,337;
draw    165,310;164,316;160,321;158,325;155,329;147,335;
        142,337;134,337;

=== block 'dragon5b'  kind 00  261 words  (block 12)
unit    dragon5b
*
**      wing struts
*
draw    300,455;299,449;298,441;296,436;295,429;291,419;
        284,410;279,404;277,399;275,393;273,386;269,382;
        265,379;258,378;254,376;skip;242,367;247,371;
        254,377;257,387;258,392;257,394;255,399;256,406;
        259,415;261,426;264,435;263,444;262,448;258,453;
        255,460;
draw    262,467;262,457;260,452;skip;256,458;258,463;
        257,472;skip;237,474;242,468;247,461;252,455;
        256,448;258,440;256,429;254,420;251,408;250,396;
        252,394;252,389;247,381;243,374;238,369;235,365;
        228,359;225,355;224,350;220,344;skip;214,336;
        213,341;
draw    ;214,347;216,353;218,364;220,376;220,381;224,388;
        224,390;223,394;223,399;222,403;221,406;220,413;
        217,419;217,424;215,430;214,435;212,444;205,449;
        201,454;199,461;skip;174,474;183,469;190,461;
        191,456;196,452;199,447;204,443;206,437;208,429;
draw    ;210,422;
draw    ;211,417;214,409;215,402;218,397;217,391;215,386;
        214,379;212,370;210,359;209,353;206,346;206,340;
        204,335;200,330;skip;217,474;219,466;219,459;
        218,454;214,445;212,443;skip;213,444;219,437;
        223,430;227,428;232,427;236,428;240,433;243,437;
draw    ;245,443;
draw    ;246,449;244,457;skip;220,436;221,440;224,448;
        225,455;224,462;222,468;skip;200,330;196,334;
        191,340;190,345;187,355;188,362;191,368;193,372;
        193,375;191,378;188,385;182,394;180,403;176,413;
        174,419;172,427;170,431;165,433;162,436;159,435;
draw    ;154,439;
draw    ;146,446;140,450;137,457;131,460;126,463;119,465;
        114,464;111,464;110,465;skip;107,464;110,460;
        115,458;120,459;126,457;130,453;134,448;138,442;
        143,439;148,435;153,431;160,429;165,424;167,417;
        170,410;173,403;177,394;182,383;185,376;186,373;
draw    ;184,371;
draw    ;183,368;182,363;182,354;184,345;188,337;189,328;
        188,322;skip;174,474;183,462;185,458;186,451;
        185,446;182,442;177,441;170,442;164,446;157,450;
        145,458;137,461;124,464;skip;108,463;115,456;
        117,451;124,442;128,435;134,427;136,419;139,414;
draw    ;138,412;
draw    ;135,411;132,412;129,414;122,415;112,417;100,421;skip;
        89,418;95,418;100,416;105,414;106,411;110,406;
        116,399;124,390;126,390;131,389;135,390;140,388;
        145,384;149,379;151,372;154,365;159,359;163,352;
        168,344;172,335;177,329;181,326;184,320;

=== block 'dragon5b'  kind 00  108 words  (block 13)
draw    172,323;172,328;169,335;164,342;160,348;156,356;
        151,362;148,369;145,376;141,380;136,384;130,383;
        124,385;117,391;111,398;107,403;103,407;100,411;
        96,413;92,413;87,411;81,409;77,406;72,403;65,399;skip;
        92,397;98,395;104,391;110,385;114,378;
draw    ;114,374;111,371;104,370;96,369;89,367;skip;
        80,448;87,446;100,443;113,440;122,437;127,433;
        132,429;skip;134,423;125,429;122,432;118,433;
        114,434;105,436;95,439;85,441;78,444;69,446;
        65,445;skip;65,380;75,383;82,386;88,388;
draw    ;94,387;
draw    ;100,385;105,385;110,385;skip;114,379;109,380;
        101,379;95,382;89,382;84,381;78,379;73,378;66,376;skip;
        96,369;100,367;110,363;122,360;128,355;131,350;
        133,347;137,344;145,344;151,340;156,336;162,332;
        167,327;171,323;173,323;
draw    134,337;
draw    ;132,341;128,344;126,349;120,353;113,357;106,359;
        97,359;skip;130,342;123,340;112,341;107,338;
        101,337;93,334;85,330;80,327;

=== block 'dragon6'  kind 00  149 words  (block 14)
unit    dragon6
*
**      scaling on tail and back
*
draw    186,140;189,139;190,136;skip;195,140;193,143;
        190,144;skip;201,144;198,146;193,149;skip;209,148;
        206,153;202,156;197,160;skip;220,149;216,156;
        212,160;209,163;skip;227,153;225,158;219,164;skip;
        234,156;231,162;227,166;skip;241,160;
draw    ;239,166;237,169;skip;247,166;244,172;skip;253,172;
        248,177;skip;213,151;210,156;205,161;skip;205,146;
        202,151;198,152;
draw    237,218;
draw    ;236,224;skip;228,215;226,218;skip;218,209;219,214;skip;
        211,205;212,210;skip;203,199;204,204;skip;194,193;
        195,199;skip;185,188;187,194;skip;177,183;178,188;skip;
        168,178;169,184;skip;154,175;155,181;skip;142,174;
draw    ;143,181;skip;131,176;132,183;skip;120,180;121,185;skip;
        110,183;112,190;skip;98,189;104,196;skip;91,199;
        99,204;skip;87,210;95,213;skip;85,226;93,225;skip;
        87,241;95,239;skip;91,254;100,251;skip;99,267;
draw    ;107,264;
draw    108,279;116,273;skip;118,288;124,282;skip;128,296;
        135,291;skip;137,303;144,298;skip;147,309;153,305;skip;
        155,316;160,312;
draw    309,384;310,378;skip;301,380;304,375;skip;296,375;
        298,370;skip;289,369;293,364;skip;281,362;285,359;skip;
        274,357;279,354;skip;264,354;267,349;skip;252,353;
        254,346;skip;244,354;245,347;skip;237,355;238,348;

=== block 'gothic'  kind 46  320 words  (block 15)
lineset    .          ;;;;;;;;;{76} h                                           do        
;;;;;;{'00}7 <h         b          e/,f/⌫     hafipan    j5azk÷a7   mha=nha«   oxbap÷bj  
rhbuspb3   tpb*u5b÷   v/b{'00}w÷ce ypcqz÷c1   1pc*2pc    2/c 2/c    2/c 2/c    2/c%3xc%  
3xc
        4hc
         4hc
        4hc
         4hc{^00}5pdf 5÷dg5Dg    5Dg5Dg     5Dg5Dg     5Dg5Dg     5Dg5Dg    
5Dg5Dg     5Dg5Dg     5Dg5Dg     5Dg5Dg     5Dg5Dg     5Dn6÷dn    6÷dn6÷dn   6÷dn6÷dn  
6÷dn6÷dn   6÷dn6÷dn   6÷do6Do    6Do        55p5h      ÷Be5÷ff    ap5k{75}a÷m{76} a5/hg÷⌫b  
apxfc5pe{75} aplb./c{76} phdb55p    5hn        [phiaqphk  qbo×b      pg{75}a5hle ap÷hf55da 
ao÷jap/fe  55di55p    5ha{76}    a5hg{75}pbd aLeap5ff   5/daao×d   bdabd      afka6m{76}
a÷k{75}apDj 5pjf÷÷bd   4÷e{75}aphg{76} 5de55p     5hdi55k{75} a5hg{75}pbd aLe÷tb     ap5ff5/da 
ao×dbda    [pjha6hhk  qc{75}o5f  .÷di5/je   a9dbda     appf5ba    p5ffap÷le  a.÷g>.5c⌫ 
oxe{75};/i⌫ a4/jf5pde  5ddbda     ÷c{75}qg   aaxjj[pdi  .÷deaJg    a5÷mα÷k{75} ap÷hg55p  
5hh[xjj    p÷hiaapfi  [dbap{'00}b ÷/g{75}a÷pi{76} a×dbda     5Jjaaphi   5pjga÷i{75} .xe⌫;5k{76}
ap⌫dbda    a4÷la÷k{75} aphdd÷xjc  a55lfapHg  ap÷jc5phg  5/e{^00}÷c{75} qhh[xdj    5=dbda    
aaxbh6he{75} 45ja;÷fj   55p5hdi    ÷c{75}p÷e  5E{^00}5/hg axhea5L    ao/kαp×d   bda55dg   
÷c{75}p÷e  5E{^00}55jg a4/na.÷lf  ap⌫dbda    a÷÷leaBd   pbo×b      pg{75}a5hle 5pffap5j  
5pi{^00}5hde 55p5hb     5fgapLf    a5ph5pdf   p/c⌫oxg{76} ./de5phg   ap÷ja55p   5ldbh     
appja;÷ba  p/fgaLe    a.5o{75}a4xjd ÷÷df5ph    55p5hbe    /dg5f      4/be=b     55jga÷/ld 
a×dbda     5hhc5pda   ppbe÷Hg    a5/jf5÷df  5hhca5hla  a5i{75};/j a5lb;/e{75} 4×dbda    
÷hjpBa     ao/laphg{76} 5dh5÷lf    ap=dbda    a÷k{75}ap/ng a5÷m@pjb   4/be5fg    5÷e@5p    
5hlf       a/lga5xc{75} p÷e5E{76}  appjf55p   5hc{75}    4/bf/dg    .÷c{75}ahhd ao÷laa5÷jg
apddbda    a÷÷a@pe    5Jdaxbf    5pna4/da   ÷pm@5p     5hdg       ;5e{75}45e> a5lga/jf  
a4÷jc5ba   p÷e5D      55p5hl     5fgap/ba   5pdfa5pm{76} ;xk{75}aphfc 55p5hba    45lba5÷hh 
p/ba;÷h    5pdfa6pfg  ap/ja55p   5hp5hbe    4xiαapbg   [hg{75}55p 5hdfa6phj  .÷kα./m⌫  
a45g@pc{75} a5xlgaahfi pBe55dh    [jfaptd    bdag{76}   ./dpc{76}  ;5i⌫a.÷ld  ap/lfa6hj 
[pbhpDg    6lbaqhje   ÷=bap/k{75} 55p5hm{76} {'00}g6hdc ppbh5pdc   a51ba[xhh  ao5mα4/ji 
55p5hbb    ;5c{^00}4/e⌫ ao5mα5phd  apxk{75}5phd 55bcpDh    a6jgaFh    5Dd55p     5hlb      
a6pbe4÷g⌫  ao5mα5pjc  axda./df   5pjca4=d   bdaaI⌫     ap5da.5g{75} ÷plea6pji  [hdjqpbg  
qhjiap9b   55ja55p    5hdd55le   ao5mα5pdf  6fiaahjh   ap÷bb4÷g⌫  ao5k{75}ap1b 5xe{75}55p
5hdd55fi   .xla5Hi    [hbgp5dc   ÷xjeaqk{76} 5pdc6dd    bda55fi    aFf÷db     xlc55p    
5hhi[hf    pdda55ne   apxbc55p   5hhi[hld   ÷÷hfapHg   ÷×ba÷/jc   pxb55ld    5pd÷ha    
÷hd55p     5hdd59b    5pdphfc    5phda5÷jg  ap=ba5hlb  a5dd5pjc   ÷xbep×d    bda55hd   
p÷dg÷Hf    apHhaahjj  5phi[hdj   qhdh5⌫d    bdajg      ;xk{75}a4÷g{76} aphjbaxb   a5/hcao9d 
bdag{76}   ÷xdd÷/hd   phja./g⌫   ao/g{^00}÷1d bdahd      55p5h      .xi{75}a4/k⌫ ;9b./h    
atb;÷fa    a55lgaahfi pBd÷÷de    6dbaqjc    55p5he{75} 55p5ld                          
                                                                                       
                                                                                       
                                                                                       
                                                                                       
                                                                                       
                                                                                       

=== block 'colors'  kind 00  50 words  (block 16)
*
*       $$  These are the standard system colors.
*
unit    blue
color   display;zblue
*
unit    cyan
color   display;zcyan
*
unit    white
color   display;zwhite
*
unit    yellow
color   display;zyellow
*
unit    green
color   display;zgreen
*
unit    red
color   display;zred
*
unit    magent
color   display;zmagent
*
