*START  0266  000000  *STACK  4000  100330  *SYM    000276

SEG. #    TYPE        LOW      HIGH      TOP
  4000    PROC##    000100    047224    047224    
  4000    DATA##    070000    100327    100327    
  4001    DATA      177777    000000    064735    

*BASE   004000  000100  000150  000777  000777  

ROUTINE        ECB         PROCEDURE     ST. SIZE  LINK FR. 
  STACK_OV  4000  001212    4000  001152    000030  000024  4000  000612
  MAIN      4000  070010    4000  001570    000134  001634  4000  067400
  CODE1     4000  071634    4000  031144    000046  000252  4000  071234
  CODE2     4000  072106    4000  031334    000050  000232  4000  071506
  DCODE1    4000  072340    4000  031454    000052  000230  4000  071740
  CVLTUC    4000  072570    4000  031556    000052  000176  4000  072170
  CVUTLC    4000  072766    4000  031656    000052  000176  4000  072366
  CVSTB     4000  073166    4000  031756    000050  000114  4000  072564
  SPEAK     4000  073302    4000  032152    000052  000300  4000  072700
  PSPEAK    4000  073602    4000  032476    000052  000042  4000  073200
  RSPEAK    4000  073642    4000  032616    000050  000024  4000  073242
  MSPEAK    4000  073666    4000  032636    000050  000024  4000  073266
  GETIN     4000  073716    4000  032656    000062  000314  4000  073312
  YES       4000  074230    4000  033402    000054  000026  4000  073626
  YESM      4000  074256    4000  033420    000054  000026  4000  073654
  YESX      4000  074304    4000  033436    000060  000044  4000  073702
  A5TOA1    4000  074350    4000  033634    000066  000032  4000  073746
  VOCAB     4000  074400    4000  034056    000052  000040  4000  074000
  DSTROY    4000  074440    4000  034216    000046  000022  4000  074040
  JUGGLE    4000  074462    4000  034230    000050  000032  4000  074062
  MOVE      4000  074514    4000  034272    000052  000032  4000  074114
  PUT       4000  074546    4000  034356    000054  000024  4000  074146
  CARRY     4000  074572    4000  034376    000052  000032  4000  074172
  DROP      4000  074624    4000  034532    000054  000032  4000  074224
  START     4000  074666    4000  034644    000052  000130  4000  074256
  MAINT     4000  075012    4000  035350    000052  000154  4000  074406
  HOURS     4000  075164    4000  036240    000044  000070  4000  074562
  NEWHRS    4000  075252    4000  036534    000042  000034  4000  074652
  MOTD      4000  075310    4000  036604    000054  000312  4000  074706
  POOF      4000  075620    4000  037322    000042  000046  4000  075220
  SCRMBL    4000  075666    4000  037414    000046  000022  4000  075266
  BUG       4000  075714    4000  037424    000046  000036  4000  075310
  DATIME    4000  075746    4000  037566    000052  000036  4000  075346
  SHIFT     4000  076004    4000  037704    000052  000026  4000  075404
  IOINIT    4000  076040    4000  037744    000046  000040  4000  075432
  NEWHRX    4000  076074    4000  040026    000052  000160  4000  075472
  HOURSX    4000  076254    4000  040324    000054  000136  4000  075652
  ADDR      4000  076410    4000  040776    000050  000020  4000  076010
  SIZE      4000  076430    4000  041004    000052  000022  4000  076030
  LDCOMN    4000  076466    4000  041024    000062  000062  4000  076052
  SVCOMN    4000  076550    4000  041326    000062  000062  4000  076134
  LEGAL     4000  076642    4000  041666    000044  000222  4000  076216
  GETTO     4000  077046    4000  042320    000042  000034  4000  076440
  PACK      4000  077100    4000  042424    000066  000024  4000  076474
  RAN       4000  077120    4000  042554    000050  000030  4000  076520
  WIZARD    4000  077156    4000  042612    000050  000140  4000  076550
  ULCASE    4000  077312    4000  043072    000062  000176  4000  076710
  SSTR$A    4000  077512    4000  043510    000070  000034  4000  077106
  DOFY$A    4000  077554    4000  043752    000070  000050  4000  077142
  TIME$A    4000  077624    4000  044222    000110  000034  4000  077212
  FSUB$A    4000  077650    4000  044466    000072  000024  4000  077246
  NLEN$A    4000  077676    4000  044660    000052  000030  4000  077272
  MCHR$A    4000  077726    4000  044766    000066  000024  4000  077322
  GCHR$A    4000  077752    4000  045110    000054  000024  4000  077346
  RNDI$A    4000  077774    4000  045156    000076  000026  4000  077372
  RAND$A    4000  100020    4000  045316    000056  000022  4000  077420
  CSP$$A    4000  100050    4000  045374    000066  000030  4000  077442
  F192QFP7  4000  045672    4000  045712    000070  000006  4000  077472
  F$MI77    4000  046064    4000  046104    000050  000000  4000  077500
  F$MA77    4000  046122    4000  046142    000050  000000  4000  077500
  F$LS71    4000  046276    4000  046160    000022  000000  4000  077500
  F$RS71    4000  046316    4000  046207    000022  000000  4000  077500
  F$SH71    4000  046336    4000  046212    000022  000000  4000  077500
  F$LS77    4000  046356    4000  046236    000022  000000  4000  077500
  F$RS77    4000  046376    4000  046242    000022  000000  4000  077500
  F$SH77    4000  046416    4000  046246    000022  000000  4000  077500
  F$OR77    4000  100100    4000  046436    000020  000020  4000  077500
  DBLE      4000  100120    4000  046452    000016  000020  4000  077520
  DINT      4000  100140    4000  046460    000016  000020  4000  077540
  AINT      4000  100160    4000  046502    000016  000020  4000  077560
  F$HT      4000  046516    4000  046536    000054  000036  4000  077600
  TODEC     4000  100236    4000  046700    000020  000022  4000  077636
  TOOCT     4000  100260    4000  047024    000016  000022  4000  077660
  F$ERX     4000  100302    4000  047044    000020  000026  4000  077702

DIRECT ENTRY LINKS
  ATCH$$    4000  047072    BREAK$    4000  047076    DUPLX$    4000  047102  
  ERRPR$    4000  047106    EXIT      4000  047112    GPATH$    4000  047116  
  MKONU$    4000  047122    PRWF$$    4000  047126    RDTK$$    4000  047132  
  SATR$$    4000  047136    SIGNL$    4000  047142    SRCH$$    4000  047146  
  TIMDAT    4000  047152    TNOU      4000  047156    TNOUA     4000  047162  
  F$WA      4000  047166    F$RA92    4000  047172    F$A7      4000  047176  
  F$CB      4000  047202    TONL      4000  047206    GCHAR     4000  047212  
  T1OB      4000  047216    T1OU      4000  047222  

COMMON BLOCKS 
  STACK$    4000  001006            MSCCOM    4001  000000  006555  
  RANCOM    4001  006556  000002    MTDCOM    4001  006560  000310  
  IOSCOM    4001  007070  000007    WIZCOM    4001  007100  000102  
  ABBCOM    4001  007202  000454    PTXCOM    4001  007656  000310  
  MTXCOM    4001  010166  000106    PLACOM    4001  010274  003106  
  VOCCOM    4001  013402  002262    TXTCOM    4001  015664  047052  

OTHER SYMBOLS 
  RUNIT     4000  001000    RESUME    4000  001053    NAMEQ$    4000  045672  

