       7
       1       3
       2       3
       3       8       9
       4      10
       5      11
       6       0
       7      14      15
       8      13
       9      94      -1
      10      96
      11      19      -1
      12      17      27
      13     101      -1
      14     103
      15       0
      16     106
      17       0      -1
      18       0
      19       3
      20       3
      21       0
      22       0
      23     109      -1
      24      25      -1
      25      23      67
      26     111      -1
      27      35     110
      28       0
      29      97      -1
      30       0      -1
      31     119     121
      32     117     122
      33     117     122
      34       0       0
      35     130      -1
      36       0      -1
      37     126      -1
      38     140      -1
      39       0
      40      96      -1
      50      18
      51      27
      52      28
      53      29
      54      30
      55       0
      56      92
      57      95
      58      97
      59     100
      60     101
      61       0
      62     119     121
      63     127
      64     130      -1
      -1
       8
       1      24
       2      29
       3       0
       4      33
       5       0
       6      33
       7      38
       8      38
       9      42
      10      14
      11      43
      12     110
      13      29
      14     110
      15      73
      16      75
      17      29
      18      13
      19      59
      20      59
      21     174
      22     109
      23      67
      24      13
      25     147
      26     155
      27     195
      28     146
      29     110
      30      13
      31      13
      -1
       9
       0       1       2       3       4       5       6       7       8       9
       0     100     115     116     126
       2       1       3       4       7      38      95     113      24
       1      24
       3      46      47      48      54      56      58      82      85      86
       3     122     123     124     125     126     127     128     129     130
       4       8
       5      13
       6      19
       7      42      43      44      45      46      47      48      49      50
       7      52      53      54      55      56      80      81      82      86
       8      99     100     101
       9     108
      -1
