
  0
 97
  0
160
  0
334
  0
550
  0
766
  0
934
  0196
  0298
  0424
  0592
  0808
  0958
  0
060
  0
466
  0
724
  0
996
  0
011
  0
647
  0
761
  0
957
  0
988
  0
314
  0
488
  0
574
  0
700
  0
866
  0
192
  0
319
  0
509
  0
940
  0
066
  0
156
  0
242
  0
392
  0
578
  0
710
  0
968
  0
170
  0
212
  0
458
  0
304
  0
436
  0
572
  0
658
  0
064
  0
094
  0
240
  0
358
  3
 19
 11
 10
 10
 10
 10
 10
 10
 10
 10
  1
 11
 10
 11810
 11
 10
 10
311
 10
 21
  1
  0
  0
 11
 11
 11
 11
  1
 22
  0
  1
  1
 11
  0
  0
  0
110
 21
  1
 21
 21
 13
 20
  0
 44
 40
 33
 11914
  1
  4
 20
210
  1
  0
  0
 20
  1
 14
  3
 11
 14
 12
  1
  0
 10
 11
 10
 10
 10
 10
 10
 10
 10
 10
  1800
  0
  2
 11
 20
 20
 20
 13
 10
 10
 10
  1
  0
  0
  1
 31
 33
  3
  0
  1
  0
  0
  0
 11
 20
 11
  3
 31
 33
 33
  1
  1
  0
  0
  1
  1
  1
 30
 33
 21
 10
 10
  0
 10
 10
  1
  0
  0
 10
 31
  1
 20
 11
 10
 20
  1
  0
  0
411
 11
  1
  1
 12
  3
  1
100
  0
 11
 33
 10
  3
 21
  1
 13
  1
  1
  1
  0
  0
  1
 22
 32
 31
 21
  0
  1
122
  2
 31
 13
 13
210
 20
 10
622
 21
 11
 10
322
  2
  1
  1
 11
 10
 10
 10
 11
  1
  1
 10
 20
  1
  3
  1
  3
 13
 13
 30
  1
  1
 11
 10
  1
  3
 11
 10
 10
 33911
 20
  1
  1
  1
 21
  1
  1
  1
  0
 12
 12
 12
 12
  1
  1
  0
  1
  0
  1
 10
 10
 10
 10
 10
 20
  0
  2
  2
 12
 10
 30
  6
 11
 10
 11
 13
 10
 10
  1801
  1
 21
 10
  1
101
  1
 13
  1
 11
  0
 11
 10
 40
 10
  0
 21
  1
 11
  1
211
201
 31
  1
  1
 20
  1
 12
  0
  1
 11
  2
  1
  1
  0
  1
  1
 10
 10
 20
 10
  1
 31
  3
  0
  0
 21
  1
 41
  1
  0
 12
 11
 31
  1
 11
 10
  1
  3
  1
  1
  1
  0
 10
  1
  1
  1
 10
  2
  0
 11
  1
  1
  0
510
 11
  2
  1
  1
  0
 10
 30
  1
  1
101
  0
 31
  1
  1
  1
  1
  0
  1
 21
 10
 31
  1
  0
 21
  0
  0
  1
  1
  0
 11
  1
  0
  1
 41
 10
  0
 22
 10
  1
 11
 10
  0
 10
 10
  1
 31
  1
 21
  1
  0
  1
  1
 13
700
 10
 32
601
  1
 10
  1
 11
  0
  1
  1
  0
410
  0
  0
  1
  1
  0
  0
  0
  0
  1
 11
 10
 10
  0
  1
  1
  1
  0
  0
  0
  1
  1
  1
300
  0
  0
  1
  1
 24
  1
  0
  0901
  2
  2
 30
  6
 10
 21
 11
 13
 13
 11
 11
 11
 11
 11
 11
 11
 11
 11
 11
 11
 11
 11
 11
 11
 11
 10
 10
 31
 33
 33
 21
 20
 20
 20
 20
 20
 20
 20
 20
 20
 20
 20
 20
 20
 20
 20
 12
 11
 31
 33
 33
 21
  1
  0
  0
 11
  0
  0
 10
  1
 11
  1
  0
 11
 30
  3
  0
 12
  1
 31
 33933
 11
  1
  0
  0
  1
 11
 20
  3
 44
  4
  1
  0
 10
  3
  0
  0
 12
  4
 40
 10
 11
 22
  0
  0
  0
  0
  1
 11
  0
 41
  1
 21
 20
  1
 10
  0
  0
 12
  1
 11
 12
 10
  0
  0
  0
  0
 10
 11
  0
 11
  1
 11
  0
  1
 10
  1
  0
  0
 12
 11
 11
  2
  0
  0
  0
  0
  0
  0
 10
 10
  0
 10
  1
 10
 11
  0
  1
  0
  0
 12
  1
 11
  2
  0
  0
 12
  1
  0
  0
  0
  0
  0
  0
 10
  1
  0
 11
  0
  0
  0
 12
  1
 11
  2
  0
 10
  0
 10
  0800
  0
  0
  0
  0
  0
 20
 20
  0
  0
  0
  0
 12
  0
 11
  2
 21
 21
 21
 21
 21
 21
 21
 21
 21
 21
 21
 21
 21
 21
 21
 21
  1
 12
  1
  9
  8
  4
  3
  9
 18
 11
 40
 10
 10
 11
 11
 40
 11
 10
 10
 11
 10
 10
 10
 10
 10
 10
 10
 11
 22
 20
 20
  2
  1
  0
  1
 14
  4
 41
 41
 11
 10
 10
 10
 10
  1
 11
  2
  0
  0
112
  1
  0
 11
  0
 10
  1
  1
  1
 11
 10
 10
  1
  1
 11
 10
 40
 10
 10
 11
 41
 40
 10
 10
 40
 14
  1
  1911
  1
  1
  1
  1
 11
 22
 20
 20
 22
  1
 11
 40
 11
  4
 11
  1
  1
 41
  1
  1
  1
  1
 11
  2
  0
  0
 12
  1
 11
 10
 10
  0
  2
  1
  1
  1
  1
  1
  1
  1
 10
 10
 40
 10
 10
  0801
  0
 11
 21
 41
  1
  1
  1
  0
  1
  1
 21
 20
 20
 42
 41
 22
 20
 10
 12
  0
211
  1
  1
  1
 10
 10
  0
  1
  1
  0
  0
 12
 11
  2
  0
  0
 12
 10
  0
 21
  1
 10
 10
 10
 10
  0
  7
  8
  4
 15
 16
 16
  0
  0
  0
 40
 10
 10
 10
 10
  0
  0
  0
 10
 10
 10
 10
 10
  0
  0
  0
  0
  0
  0
  0
  0
  0
  0
  0
  0
  0
  0
  0
  0
  0
  0
  0
  0
  0
  0
  0
  0
  0
  0
  0
  0
  0
  0
  0
  0
  1
  0
  0
 11
 10
 10
 10
 10
  1
  0
  0
 11
 10
 10
 10
 40
  1
  0
  0
  1
 11
 10
 10
  1
  1
  0
  0
  1
 14
410
 10
  1
  1
  0
  0
  1
  1914
  1
  4
  1
  0
  0
  1
  1
 11
  1
  1
  1
  0
  0
  1
  1
 10
  0
  1
  1
  0
  0
  1
  1
 40
  0
  1
  1
  0
  0
  1
 10
 10
 10
  0
  1
  0
  0
  1
 10
 10
 10
  0
  0
  0
  0
 40
 10
 10
 10
 10
  0
  0
  0
 10
 10
 10
 10
 10
  0
  0
  0
  0
  0
  0
  0
  0
  0
  0
  0
  0
  0
  0
  0
  0
  0
  0
  0
  0
  0
  0
  0
  0
  0
  0
  0
  0
  0
  0
  0
  0
  1
  0
  0
 11
 10
 10
 10
310
  1
  0
  0
311
 10
 10
 10
 10
  1
  0
  0
  1
 11
 10
 40
  1
  1
  0
  0
  1
411
 10
 10
  1
  1
  0
  0
  1
  1841
  1
  1
  1
  0
  0
  1
  1
 11
  4
  1
  1
  0
  0
  1
  1
210
  0
  4
  1
  0
  0
  4
  1
 10
  0
  4
  1
  0
  0
  1
 10
 10
 10
  0
  1
  0
  0
  1
 10
 10
 10
  0
 14
  6
  6
  6
 12
  8
  1
 11
 11
  0
 11
 41
 10
  1
  1
 20
  4
  0
  2
 10
  1
  2701
  0
 24
 10
700
  0
 10
  0
 10
  1
  0
 10
 10
  1
 10
 41
  0
 21
  1
 33
 30
413
  1
  1
101
  1
  1
  3
600
 21
  0
 11
  1
 23
  0
 32
 11
  0
 14
  1
 10
 10
  1
 13
  3
 11
  0
  2
  0
 13
 10
  1
 12810
 11
  2
  0
 11
 20
 11
  0
  0
 11
  0
 11
  0
  0
 33
 13
 10
  0
 11
 21
301
 11
 12
  1
 13
  1
  1
  9
  6
  3
  1
 30
  4
 11
 10
 10
 10
  1841
  1
 13
  1
 10
114
 21
 41
 21
 10
  1
  1
  1
  0
  1
  1
 10
  1
 21
 11
 10
  2
 13
  1
300
  1
 10
  1
 11
  0
  0
 11
  0
 21
  1
 11
 10
  3
 13
  1
700
  1
  1
  1
  0
 10
  0
  1
 10
 10
 12
  1
  0
  0
 13
  1
 12
 10
 21
  1
 10
 10
 13
 14
111
  0
  1
  1
  1
 10
 10
511
  1
  0
411
  1
  1
 21
 40
  1
  1
  1
  0
 21
  0
 10
 10
 11
 10
 10
  1
  1
600
  0
  2
  1
  0
  0
  1
 11
 10
 10
  0
  1
 11
 10
 10
  1
  2
400
  0
  1
  1
  0
  0
  2
  2
  0
  0
  9
 18
 11
 40
 10
 10
 11
 11
 40
 11
 10
  0
 11
 10
 10
 10
 10
 10
 10
 10
 11
 22
 20
 20
  2
  1
  0
  1
 14
  4
 41
 41
 11
 10
 10
 10
 10
  1
 11
  2
  0
  0
112
  1
  0
 11
  0
 10
  1
  1
  1
 11
 10
 10
  1
  1
 11
 10
 40
 10
 10
 11
 41
 40
 10
 10
 40
 14
  1
  1911
  1
  1
  1
  1
 11
722
 20
 20
 22
  1
 11
 40
 11
  4
 11
  1
  1
 41
  1
  1
  1
  1
 11
  2
  0
  0
 12
  1
 11
 10
 10
  0
  2
  1
  1
  1
  1
  1
  1
  1
 10
 10
 40
 10
 10
  0801
  0
 11
 21
 41
  1
  1
  1
  0
  1
  1
 21
 20
 20
 42
 41
 22
 20
 10
 12
  0
311
  1
  1
  1
 10
 10
  0
  1
  1
  0
  0
 12
 11
  2
  0
  0
 12
 11
  0
321
  1
 10
 10
 10
 10
  0
  7
  8
  4
 15
 21
 10
 10
 10
111
 11
  1
 10811
 10
 13
 11
 11
 40
  3
  1
 10
  1
 11
 10
  1901
 21
 20
 11
  0
 14
  0
 21
 10
  0
 14
  1
  0
  1
  0
 10
  1
  1
  0
 12
  0
  1
 22
 20
  2
  0
  2
 11
 20
 10
 14
 10
  0
  0
 21
 21
 11
 10
 10
 10
 40
  1
 41
  1
  1
  1
  1
  0
  0
 11
611
 41
200
  1
  1
  1
  1
  0
311
  1
  1
  1
  0
 40
  4
 10
 12
 20
  0
  1
  1
 11
 10
 10
  2
 21
 10
 20
201
 21
  1
 11
 10
 10
  0
 10
  1
  0
 10
  0
  1
 21
  1
  0
  0
  0
 10
  1
  0
  0
  1
  1
  1
  0
 21
 20
 11
 10
  2
 11
  4
  1
 10
401
  1
  0
 10
 10
 11
  0
 10
 21
 10
 10
  1
 14
 10
  1
  1
  0
  0
  1
  0
  0
 11
 20
710
 40
  1
  0
  0
  1
  0
 21
  2
  0
  0
  0
 12
  2
 12
  1
100
  1
 10
  1
  1
 11
  0
 10
  0
 11
 10
 11
 10
  0
  1
 10
 10
  1
  0
  1
  0
  1
210
 11
 10
 11
  0
  0
  0
 21
  1
 40
 10
  2
  0
 12
 10
 10
214
  1
  7
  2
 10
 12
 12
 11
 10
 11
 10
 10
 11
  0
 11
 10
 10
 10
 10
 31
 30
 13
 30
 11
 20
  2
 21
 12
 11
  2
  0
 11
 22
 20
 11
  1
  0
 12
  1
 10
 23
  3
  0911
 12
 34
 20
  1
 32
  0
 11
  2
 11
 10
 13
 21
 13
  1
  0
  1
 21
 30
 10
  1
  1
123
 32
 30
 30
  2
  0
 20
  3
100
  0
 31
 31
 31
  0
321
 31
 33
 22
  1
  1
  0
  0
 32
 10
 10
 13
 21
 40
 10
 31
 31
 20
 21
101
432
 12
  0
 30
  1
  0
  0
 13
  1
  0
 32
 10
  1
 30
 10
413
  1
  0
  0
 22
 12
 13
 31
  3
  1
  3
 13
 10
 11
 10
 12
 32
 21
 30
  0
 20
 30
103
 31
 21
121811
 30
  1
  3
  0
  0
131
 31
  0
621
432
 12
  2
  4
  1
  8
 12
 11
 10
  0
  0
 11
 10
  0
  0
211
 10
  0
  0
  1
  0
  0
  0
  1
  0
  0
  0
  1
  0
  0
  0
  0
  0811
 10
  0
  0
 11
 10
  0
  0
 11
 10
  0
  0
  1
  0
  0
  0
  1
  0
  0
  0
  1
  0
311
 10
  0
  0
 11
 10
  0
  0
 11
 10
  0
  0
  1
  0
  0
  0
  1
  0
  0900
  1
  0
  0
  0
  0
  0
 11
 10
  0
  0
 11
 10
  0
  0
 11
 10
  0
100
  1
  0
  0
  0
  1
  0
  0
  0
401
  0
  3
  3
  6
  8
 40
 10
310
  0
  0
  0
  0
  0
  0
  0
  0
  0
  0
  0
  0
  0
  0
  0
  0
  0
  0
  0
 11
  1
  2
  0
 11
  1
  0
  2
  0
  0
 20
 10
  1
  0
401
 21
 12
 11
 10
 11
  0
  0
 10
 10
  1
 31
 11
  0
  0
  1
 20
 10
 13
 20
  3
  1
  4
  0
 14
 10
 11
 20
 21
 21
  1
 10
 10
 10
  1
  0
  0
  0
 11
 12
  1
  0
  0
  0
 10
  3
 11
 20
501
 31
110
201
 11
  0
 10
 10
 30
 11
 10
 24
211
 10
  1
  0
  0
  0
 11
  3
  0
 10
  1
  0
 10
 31
 10
 30
 10
242
 10
  1
  0
  0
 11
 12
 42
 11
  0
 13
 31
 20821
 10
 30
 12
301
  2
 11
  0
 10
 11
710
  4
  0
 10
  0
410
 12
  1
  0
 11
 10
  4
  0
 11
 10
 34
  0
  1
110
 10
 10
  1
  0
  1
  0
 11
 10
 10
  1
  0
  1
110
  1
  0
  0
 41
 11
  0
110
  1
 12
 11
 30
 11
  0
 10
101
  0
  0
 10
 21
  4
 11
  4
 11
  1
 11
  1
  0
500
  1
 31
  1
 10
241
 41
  2
 10
 11
 10
 40
 11
  0
  0
110
 11
  1
613
  1
 11
  2
  1
 11
  2
 10
 10
  1
 13
201
  1
 40
  0
  1
 12
 10
 20
 21
 12
 10
 10
  0
 10
 11
 21
  3
  0
 11
 21
 10
 10
 20
410
  1
 10
  2
  0
  0
 10
 10
 11
 10
 11
  0
  0
 12
 10
 10
 31
 20
  1
  0
  4
  0
 14
 10
 11
 21
  1
  0
  1
 10
 10
 10
  1
  0
 40
 11
 14
 10
  1
  0
  0
  0
 10
  3
  0
 20
  1
  0
110
301
 11
  0
 10
 10
 11
  0
 11
621
411
 10
  1
  0
  0
  0
  2
 13
  0
 10
 10
  0
 10
 31
 10
 30
 11
342
 10
  1
  0
  0
 11
 12
 41
 12
  0
 11
 31
 20921
 10
  3
 12
201
  2
  0
  0
 10
 11
710
 14
  0
 10
  0
210
  1
  1
 10
 12
 10
  3
 11
 10
 34
 34
 31
  2
 10
 10
 10
  1
  0
 10
  0
 11
210
 10
  1
  0
  0
 10
  1
  0
  0
 11
 10
  0
 22
  1
 14
 10
 10
 11
  0
  0
  0
  9
 10
 10
 24
  1
 12
 42
 11
  1
  0
 13
  5
 34
  4
 12
 21
 10
 13
 11
 10
  0
  1
 10
  2
 11
 10
 13
 10
 10
110
 11
 10
  0
  2
 13
 10
 10
 11
 20900
  0
 11
  0
  1
 11
  0
  0
 11
 20
101
 11
  0
  0
  0
 10
  1
  1
 10
 10
  1
 10
 20
  1
  0
 22
  2
  1
  0
  2
  1
 10
  0
  1
  0
  0
  0
  1
710
  1
  1
 13
 10
  2
  1
  0
  1
 10
  0
 12
  0
 10
 12
  1
 10
 10
 10
  2
  2
 11
  2
 10
 23
  1
  1
302
  0
 11
 10
 11
  0
  0
  0
  1
 13
 20
 12
101
  1
 22
  1
 11
  1
421
  1
  3
  0
  0
  1
  0
 30
  1
 11
  2
 10
  0
  0
  1
 12
  0
  1
 31
  1
  1
 12
 12
 10
 10
 10
  3
  0
 11
 23
  0
 31
 31
 31
 32
 14
  1
  0
 31
  1
  1
 11
  0
  1
  0
  0
  0
 11
 20
 20
  1
  0
 11
  0
 11
 10
  0
  1
  0
  1
  1
  2
 21
 11
510
 10
 21
  3
  2
  0
  0
 20
  1
  2
 11
223810
  1
 31
  1
 30
  0
 12
 31
  0
  0
  0
  2
 21
 20
  2
  1
  0
  1
  1
  0
  1
  0
 21
 21
 10
 12
 10
  2
 10
 30
  1
200
  1
  2
 31
 10
  1
  1
311
  1
 21
  0
  0
  0
 10
  1
213
 31
 10
 10
 10
  0
 10
  0
  1
 21
 10
 11
 20
  0
 30
311
 10
 10
  0
 21
  1
611
 10
 10
  9
 15
  2
  3
 14
 19
 11
 10810
 10
 10
 11
 10
 10
 10
 10
 10
 10
 10
 11
 10
 10
 10
 10
  4
  1
  0
  0
  0
  0
  1
 10
 10
 10
  1
 10
 10
  1
  1
  0
100
  0
  0
  1
 11
 20
 10
 11
 10
 10
 10
 10
  0
 11
 10
 10
  0
  1
  0
  0
  0
  0
  1
  1
 11
  2
  1
 10
 10
211
 21
211
  1
 11
 10
  0
  0
  0
  0
  0
  0
  1
  1
  1
  1
 11
 10
  0
  1
 30
  0
  1
  1
  0
 10
 10
 10
 10
 10
 10
  1
301
  1
301
 13
 20
 10
 20
 10
 20
400
 10
 10
 10
 10
 10
  1
  0
  0
  1
  1
  0
  2
 11
 23
 10
 21
 10
 21
  1
 11
 11
 10
 10
  1
 31
 33
 13
  2
 11
 10
  2
  2
 10
  1
 11
  0
  1
  1
  1
  1
  1
  0
  1
 31
 33
333
  2
  1
  0
  1
 11
110
  1
  1
 11
  0
  1
 31
 30
  1
  1
  1
  1
 31
 31
  1
 31
411
  2
  2
  0
 30
  0
  1
 10
  1
  1
  0
  1
  1
300
  0
  1
  1
  1
  1
 31
  1
 11
 11
 10
 11
 10
  0
  1
 11
 30
  1
 10
 12
 10
  0
  1
  1
  1
 30
 31
  1
  1
  1
  1
 10
 10
  1
 31
 10
 11
 10
 21
 10
 10
  1
  1
  1
411
  1
  1
  0
  1
 10
 10
  0
  1
  1
  0
  1
  0
  1
  0
  0
  1
  4
  1
  0
300
 22
 12
 12
 12
 12
 12
 22
  2
  0
  0
  0
  1
 10
700911
  0
  1
  3
 14
 18
  3
  3811
 10
 10
  1
  0
  0
  1
  0
  0
  1
  1
  0
  0
 30
 21
211
 10
 10
 10
 10
 10
 10
 10
 10
 10
 11
 10
 10
 10
 10
 10
 10
 10
 10
 10
 10
 11
 10
 10
 10110110
  1
  0
  0
 11
  0
  0
  0
 11
 10
 10
 10
 10
  1
 41
  1
  1
  0
  0
  0
  0
  0
  1
  0
 21
  0
  0
  0
  0
  1
  0
  1800
  0
701
  4
  1
  1
100
  0
  0
  0
  0
 10
 10
  0
  0
  0
900
  0
  1
  0
  1
  0
  0
  1
 10
  0
  1
  0
  0111
  1
  0
111
 10
 20
 10
 10
 10
 10
  0
  0
 10
 10
 10
 10
 10
 40
  1
  0
 21
  0
  1
  0
  1
  0
  0
  0
  0
  0
  0
700
  0
  0
  0
  0
  0
  0
  0
  1
  0
  1
  0
  1
  0
  1
  0
  0
  0
  0
  0
700
100
700
  0
  0
  0
  0
000
  0401
  0
 10101
  1
  0
  2
  0
  0
  0
  0
  0
  0
  0
  0
  0
  0
  0
  0
  0
  0
101400
  0
 10
  0
  0
  1
  0
  0
  0
  0
  0
  0
  0
  0400
  0400
  0400
  0
  1
  0400
  0
  0
  0
  1
  0
200
  0
  0
  0
  0
  0400
  0400
  0400
  0400
  1
  0
  0
  0
400
  0
  1
  0
  0
  0
  0
  0
  0
  0
  0
  0
  0
  0
  0
  0
  0
  1
  0
  0
  0
  0
  0
  1
  0
  0
  0
  0
  0
  0
  0
  0
  0
  0
  0
  0
000
  0
 21
 10
 10
 10
 10
 10
 10
 11
 40
411
 10
 10
 10
 10
 10
 10
 11
110
 11
 40
 10
 11
 10
 10
 10
 10
 10
 20
  1
  0
  1
  0
  0
  0
  0
  0
  0
  2
  0
  1
  0
  0
 21
 10
 10
 10
 10
 10
 10
  0
  0
  0
  0
  0
  0
  0
  0
  0
301
 11
001
  0
  0
 41
 10
 10
 11
 10
010
110
  1
  0
 11
 10
 10
 10
 40
 10
 10
 10
  0
  1
  0
000
  1
  0
  0
  1
 11
 10
 10
  0
  0
 40
 10
 10
 10
  1
  0
811
  1
  0
  1
  0
  0
 41
 11
 40
  1
701
211
  1
211
  1
411
  1
311
  1
  1
  0
  1
  1
  0
  1
000
  0
  1
  1100
  1
  1
 10
  0
 10
  0
 10
  0
310
  0
  1
 14
  0
 10
 10
  4
  0
  0
  1
  1
  0
  1
 10
  1
211
  1
411
  1
311
  1
 14
  0
  1
  0
 11
 10
  1
  0
  0
  1
  1
  0
  1
 11
200
 10
  0
 10
  0
 10
  0
 10
  1
 10
 41
  0
  0
001
  0
  0
  1
 10
101
  1
101
 11
  1
 11
  1
311901
 11
  1
  1
  0
  1
000
  0
  1
  0
000
101
  0
 10
  0
 40
  0
 40
  0
 40
  0
 41
  0
 40
  1
100
  1
  0
100
  1
  0
  0
 11
 13
 10
 10
 40
 10
 10
 40
 10
 40
  1
  0
  0
 10
 10
 10
 10
 10
000
  0
  0
  1
 10
 10
 10
 10
 10
110
 10
 10
  1
  4
  0
  0
  0
100
  0
  0
  0
  0
  0
  0
  1
  0
  0
  0
400
  0
  0
  0
 11
  0
 10
 11
 10
 10
 10
 10
 10
 10
 10
910
  1
  1
  0
200
  0
  0
  0
  0
  0
101
  0
  0
  4
  0
  0
  0
  0
  0
  0
  0
 41
  0
  1
  0
  0
  0
  0
  0
  0
  0
 10
 10
 10
 10
 10
 10
 10
110
  1
  0
 41
  0
 11
  1
  0
  0
  0
300
  0
  0
  0
  0
  0
  0
  0
000
  0
  0
  0
101
 41
  0
 41
  0
  1
100
  0
  0
  0
  0
  0
  0
  0
  0
  0
  0
  0
  0
  0
  0
 10
  0
 11
  0
  0
  3
 17
 22
 11
 12
  9
 11
 10
 10
 10
 10
 10
 14
 10110
  1
301
100
711
 10
 10404
  0
  0
  1
 12
 10
  0
  0
  0
  1400
  0
 41
 10
 10
211
  1800
  1401400
  1
 21
 12
  1
 10
 11
  0401400
611
 11
  0
  0
 10
411
  0
101400
  1
  0
001
  0
  1
  0
  0
  1
  0
211
 10
  0
  0
 10
 13
 10
  0
000
  1
  0
  0
700
  0
 10
  3
  0
  0
 11
 40
 10
 10
 10
441
 10
 10
040
 11
 10
610
 10
001
 10
 12
  1
  0901
  0
  0
  0
 10
 10
 20
104
  0
  4
  6
 12
  1
 19
 10
 11
 10
 14
010
 10
 10
 10
011
 10
 10
  1
 11
 40
 10
 10
601
  0
  1
  0
 31
001
  1811
  1400310
  0
  1
  0
  1
  1
  1
  0401200
  0
  0
  1
  0
  1
  1
 10
510201
  0
  0
  0
  1
  0
  1
  1
  0
  0
  1
  0
  0
  0
  1
100
  1111
 10
 10
 10
 40
 10
 10
  0
  0
  1
  1
  0
111
 10
  1
 11
110
  1
  0
001
  1
  0
  1
600
  2
602
  0
  1
  0
  1
  1
  0
 20
 11
  0910
 21
  0100
  1
 11
 10
410
  0
  0
  0
 10
 10
 12
 20
  1
  0
  0
  0
  0
  0
  0
  0
 10
  3
 11
830
 10
 10
310
 10
 10
041
010
010
  1
  0
 14
 10
 10
  1
  0
001
000
000
  1
  0
 10
 10
 10
  0
100
001
000
500
 11
 40
 10
 10
 10
 40
 10
 10
 10
610
  1
  0
  0
  0
  0
400
  0
  0
  0
  0
  1
  0
  0
  0
  0
  0
  0
  0
  0
  0
  1
  0
  0
 13
 10
 10
 10
 10
 10
 10
  3
  3
 10
  6
  5
  5
  1
 14
 12
 10
411
 11
  0
 11
 10
 13
  1
 31800
 11
  4311
  0
  0
 11
 41
 41
  1
  0
 40901
  3
  3
  5
  5
 16
 20
  2
 10
  1
  0
  0
 10
  1
  0
 21
 11
 43
 11
  3
  0
 21
  1
  0
 11
 13
 40
 11
  0
 22
 10
  4
  0
 10
 41
  0
 20011
 11
  0
 12
  0
 10
  2
 31
 23
  2
  0
400
  1
  0
 12
 10
  3
  1
  0
  0
  1
  0
  0
 12
  1
 11
  0
 14
 10
 13
 11
 10
 10
 11
  0
 11
  0
401
 11
  0
  0
 10
110
  1
 20
 20
 10
 13
  2
 11
  1
 21
  1
  1
 31
 12
 21
 40
 10
 10
  0
  1
 10
 10
 20
  1800
 31
  1
  1
  2
 11
 30
 41
 10
311
 11
 10
  1
  0
  1
 11
 10
  0
 11
  2
  0
 10
  0
 22
 11
  1
  0
  0
  2
  3
  4
  0
 22
  1
 10
701
  1
  0
  1
  1
200
  1
 10
 10
  3
  1
  0
 11
 14
 10
  1
 13
  1
 11
  0
 12
  0
 10
 10
  0
 11
  1
  1
  1
111
  0
611
  0
  1
  0
 10
 15
 10
  0
 10
 11
 10
 21
 21
 11
  0
  1
  1
 11
 10
 31
 11
 10
 10
 10
 11
  0
  0401
  1
  1
 12
  1
  1
  1
 14
  2
 10
  0
300
 31
  0
  1
 11
  2
  1
  0
 11
  4
 31
113
  1
 10
  0
 30
 11
 10
 10
  1
 10
  0
  0
  1
 10
  0
  1
 11
  0201
  1
 10
  2
 21
 11
 20
  1
800
800
 10
 41
  1
  0
 11
  4
211
 42904
 11
  0
 12
 11
 20
  0
  1
  0
  1
  0100
  0
 10
 11
 11
 10
 20
  0
 10
 14
  1
 32
 11
  0
  0
  0
 10
 12
  0
800
  0
 11
 11
 33
  3
  1
912
  2
 12
  1
 10
  1
  1
 21
  1
 41
  1
 11
  0
 11
 10
  3
  0
 31
 10
 21
  0
 22
  1
 10
  0
 21
704
 21
 10
  0
  1
910
 10
 20
 13
  0
  5
 17
 13
  8
 12
 14
 11
 10
 10
 10
 10
 10
 10
 10
 10
 10
 10
 10
710
 10
  1811
  0
  1
  1
111
 10
  1
 10
 11
  0
 11
  0
  0
  1
  1
  0
 11
  1
 11
 40
  1
  0
  1
  0
 10
  1
  0
  1
 10
  0
 50
  0
  0
  0
  0
 10
 10
  0
 10
  0
  0
  1
  1
  1
 11
  0
  1
  0
  1
  0
811
  0
  1
300
  1
  1
411
  1
 11
  0
  1
  0
  1
  0
 11
  0
 10
 11
  0
  1
  0
  0
 10
  0
 10
  0
 10
  0
 10
  0
  0
  0
  0
  1
  0
  0
  0
  0
  0
  0
  0
100
  0
  0
  0
  0400
  1
 10
 10
 10
 10
 20
  0
  0
 20
 10
 10
 10
 10
  0
  1
  0
  0
  1
910
  1
  0
  0
  0
 11
  4
  1
  1
  0
  1
  0
  0
  1
 11
  0
 10
 10
  0
 41
  1
 10701
  0
  1
  0
  0
  0
 10
  0
300
  0
  0
 10
  0
  0
  0
  0
  2
  2
 11
 13
 40
  2811
411
  1
  1
  1
  1
  1
  1
  1
  1
  1
  1
  1
  1
  1
  1
  1
  1
  1
  1
  1
  1
  1
  1
  1
  1
  1
  1
  1
  1
  1
  1
  1
  1
  1
  1
  1
  1
  1
  1
  1
  1
  1
  1
  1
  1
  1
  1
  1
  1
  1
  1
  1
  1
  1
  1
  1
  1
  1
  1
  1
  1
  1
  1
  1
  1
  1
  1
  1
  1
  1
  4
  1
  1
  1
  1
  1
  1901
  1
  1
  1
 40
  1
 10
 12
 10
  2
  0
 12
211
  1
 14
712
  4
 10
722
  0
 21
 12
 22
  0
 40
 21
 11
  0
 20
  1
 12
  2
811
  0
 20
  1
 12
  0
 10
  4
 11
 44
  0
 10
 21
  1
 41
621
 11
  1
 14
 14
  0
 10
  4
 21
  0
 40
 22
  0
 40
 21
  0
 10
  2
121
 41
 12
  1
 12
514
  4
 22811
  2
 11
 24
 12
  0
 20
 24
  0
 10
 14
  0
 40
 21
 41
  0
 20
  1
 14
 10
  1
 12
 14
  4
 12
  0
 40
  1
 12
 42
  0
 11
 20
 12
  0
 10
 21102
 44
 11
  0
 10
  1
304
  0
 20
  1
 12
  0
 10
  2
 40
  1
 21
 21
  6
  6
  0
  0
 10
 16
710
 10
  0
 11
  1
 10
 10
  0
 11
 12
 10
310
  1
 12
 10
 40
  2
 11
 10
 31
  0
  0
300
  0
 10
  0
 11
  1
 20
 10
  1
  0
 10
 10
  2
  1
  0
 41
 20
  2
 10
  1
 30
 30
  0
 12
  0
  0
  1
  0
  1
 10
  4
  1
  0
  1
  0
 10
 10
 10
 10
 11
  1
  0
204
  0
 10
 10
  2
  1
 11
 10
 10
  1
  0
 41
 11
  0
  1
110
 10
 11
 22
 41
131
  0801
  0
  0
 10
 40
  0
 30
 12
 30
 13
  0
  3
  1
  1
 10
 13
  0
 21
211
 10
 10
  0
 22
  0
  0
  1
  0
 10
800
  1
 11
 10
 10
  0
 10
 10
 13
 11
  3
  0
 11
  2
  1
 23
 10
  0
  0
 11
  1
 11
 23
 10
  1
 11
 22
 12
  0
 10
  1
  1
 10
  1
  0
  3
 11
  0
  2
  0
 14
 10
  0513913
 13
  6
  7
 10
 15
 20
 16
 11
110
 11
 11
 12
 11
  1
  0
 11
 14
 11
210
 13
 12
 10
  1
  1
 12
  1
  0
 10
  2
  1
  0
  1
 12
 10
 10
 21
  1
  0
 10
 11
  0
 10
 10
  0
  1
 13
601
  1
 11
  1
  0
 20
 11
 10
  0
  1
 10
 10
  1111
  1
601
 14
 11
  0
  1
 11
  3
 43
  1
 12
 11
 10
  0
 10
  0
  1
 11
 10
  0
  0
 10
  0
 10
  0
 10
 10
 21
301
  0
 11
 10
  4
  1
  0
  0
 21
  2
  0
  0
432
  1
  0
 10
 10
  0
 10
 13
  1801
  0
  0
  1
 10
 10
  1
 11
  1
  0
  0
 11
 12
 11
 30
  1
  1
  0
  0
  1
 33
 30
  3
 20
  2
 10
 10
 20
 20
 10
  1
  1
  1
700
  0
  1
901
  0
  3
  0
 10
 10
 10
 11
 33
  3
  4
  1
  1
300
  0
  1
 10
 30
  0
  0
 11
 10
  1
 10510
 12
 21
 10
  1
  0
  0
 10
 10
 10
 10
 10
  0
 11
  1
  1500
  1
  1
  1
  1
700
  0
811
 13
  1
  0
  0
  0
  1
  1
  1
 11
  0
  1
  1
  1
  0
  0
 31
 30
  1
  0
  0
400
  1
 31
 12
  0
  0
 30
  1
  1
  0
  0
  1
  0
 11
 10
 11
 10
  1
 31
 11
 10
  0
  1
 11
  0
611
 10
  0
  0
 44
  4
 20
 12
  1
  1
  1
511
  1
  1
 10
  0
  1900
  0
  0
 41
  0
 11
 30
  1
 21
  0
  1
  1
 10
 10
  1
  1
  0200
 10
  2
  0
 20
  1
  1
  1
 12
  0
  1
 10
  1
  1
 10
 10
  1
  0
 10
 10
  0
 10
  1
 10
 10
 10
  6
  0
 10
  0
  0
 11
  0
  0
  0
  0
  0
  0
  4
 10
 10
 10
  0
  0
  0
  0
  0
  1
  0
 10
411
 10
 10
 10
 10
  7
  7
 16
  9
 11
 11
611
 10
 11
 10
 10811
 11
 10
 11810
 10
  1
  0
 10
 30
 11
  0
 10
 21
 30
 10
 11
 11
  2800
 11
  0
611
  1
 10
  1
 13
100
 11
  3
 11
  0
414
  1
 11
801
 10
  1
 12
  1
 11
  0
 11
 10
  0
  2
111
  4
 10
  1
714
  0
 11
 20
  1
211
 10
 11
 10
  1
110
 11
  1
 10
  1
  1
  1
  0710
 41
  0
 11
  1
 11
  1
 10
  4
 10
  4
711
  0
 11
  0
 21
  0
 10
  1
 10
  1
 11
  0
 11
  0
  1
  1
 31
  1
 10
  1
 10500
 11
  0
113801801
  1
 31
 10
 12
101
 11
  3
 13
 10
  0
  1
  6
  7
  8
 23
  8
  1
 11
 12
210
  1
  0
 11
 41
 41
  0
 11
 10
  3
  0
  3
  2
  1
 31800
 11
 10
 21
 11
 10
 14
  0
  0
  1
  0
  1
  1
321
 12
  1
  0
 40
  1
  1
  1
 10
  1
 10
 10111
  0
  1
  1
  1
  2
  0
  0
 10
  2
  1
  1
 10
101
 11
 10
 21
  0
  1
 21
  1
 10
  0
  0
  0
  1
  1
  1
 10
 21
  1
 11
  1
 14
141
  1
 13
  0
 40
 20
  0
  1
 10
 10
 40
  1
  1
  0
  0
 10
  1
 31
  1
  1
 22
710
 21
 10
  1
  1
 21
 10
  0
  0
 11
 40
  1
  1
 10
  1
  0
  0
 10
801
  1
  1
711
901
  0
  0
  0
 10
 30
  1
  0
 11
  2
  0
  1
 10
 11
610
 11
  1414
 11
  0
  0
  1
 11
  0
 10
  0910
  1
  0
  1
  4
 15
  0
  0
 11
  0
  0
 20
 10
 10
 11310
 13
  3
 13
 10
 12
  1
 41
 11
  0
 30
400
 11
  0
  1
  1
  1
  0
  0
  0
 10
 20
 30
  3
  3
 19
  3
 25
 17
 11
 10
 10
 10
 10
 10
 10
 10
 10
 10
 10
 10
 10
 10
 10
 10
 10801
  0
  0
 41
 41
  1111
 10
 10
 10
  1
  0
 11
110
 10
 10
  0
 11
 10
 10
  0
  1
  1
 10
 10
 10
  0
  1
  0
  1
  0
  0
 10
 10
  1
  1
  0
  0
  1
 10
 10
 11
 10
 10
  0
  0
  1
 10
310
  1
  0
  1
 10
 10
  1
  1
  0
  0
  4
310
 10
 10
  1
  1
  0
  0
  1
  0
 11
 10
  0
  1
  1100
  1
  4
  0
  0
  0
  1
  0
  1
  0
  1
  0
  1
 10
 10
  1
  1
  0
  1
 10
710
 10
 10
 40
 40
 10
 11
  0
  0
 11
 10
  0
410
  1
  0
  1
  0
  0
  0
  0
  0
  0
  0
 10
 10
  0
  1
 10
 10
 11
  0
  0
  1
  0
 10
 10
 10
  1110
 11
 10
 10
  1
 11
110
  1
 10
 10
 10
 40
 40
 10101
  0
  1
 10
  0
 11
  0
 40
  1
 12
  0
  0
 10
 10
  1
 10
 10
  1
  0
 11
 11
 10
 10
710
 41
 11
 10
 10
 10
 40
 10
210
 10
  1
  1
  0
  1
  1
  0
  0
  0
  1
  1
 10
 11
 10
  0
  1
  0
  0
  1
  1
  0
 21
  0
 10
 10
 10
  0
  1
 10
 10
 10
  1
  1
 10
 10
  0
  0
  0
  1
511
 10
  1
  0
  1141
 10
  1
  0
  1
 10
 10
310
 10
 10
 40
  1
  1
  0
  1
  0
  0
  1
  0
  1
  0
  1
  0
 11
 10
 10
 10
  1
  1
  0
  0
  1
  0
  1
  1
  0
  1
  0
  0
  0
  1
  1
100
  1
  1
 11
 10
  0
  1
  0
  1
  1
  0
 10
 10
 40
 10
  0
  1
  0
  1
  1
  4
  0
  0
701
  0
441
  1
611
 10
 10
  1
  0
  0
  1
  0
  1
  0
  1
 10
 10
  1
  0
  1
  1
 10
 10
 40
  1
  0
  0
 10
 10
  0
  0
  1
  0
  0
  1
  0
  1
  1
 11
 10
 10
  0
  0
 11
310
 10
 10
  1
 10
 10
  0
 10
 10
 40
 41
 10
 40
 40
 10
  0
  0
  0
  0
 14
 10
 10
 10
 10
 10
 10
  0
 11
  0
 10
 10
 11
 11
 10
 10
 10
 10
  0
 10
 10
  0
 11910
  1
 11
 10
 10
  1
  0
 10
  0
 11
310
  1
911
  0
811
 10
  2
 11
  0
  1
  0
  0
  0
300
 11
 10
  0
  0
 44
 10
 10
  0
  0
 10
  0
  0
  2
  1
 23
 16
 12
 10
 40
 10
 11
 10
 21
  1
  1
 11
 10
 11
  0
011
264
  1
  1
510
  1
311
 22
  0410
  0
 10901
  1
612
  1
 10
  0
 11
  0
  0
  0
411
 10
 10
 10
 11
  2
  1
  1
221
  1
  1
  0800
  0
  0
  1
  1
  1
 10
 10
  0
  0
 21
 11
 10
  0
  1
 11
 10
 20
 10
 10
  1
  1
 11
  2
900
  0
  0
 21
110
  1
  1
  4
  1111
 10
  1
  0
  1
 11
  0
 12
  1
 14
 11
 10
  1
 21
  1
  1
  0
 10
  0
 10
  0
  0
 10
  4
 14
  3
  0
  0
 11
 10
 10
  0
  3
 10
  1
701
  0
  0
  1513
 40310
  5
  6
  3
  4
  4
 21
 11
 11
 10
 12
 10
 11
 12
 14
211
212
 11
 10
 12
 10
 21
 13
 11
 10
 11
 12
 13
 21
501
 11
  0
  0
  1
 13
  1101
341
308
  1
  1
701
 31
101
  1
 10
 23
  2
 13
 31
 10
  0
 10
601
 11
 10
  0
201811
 11
  0
 10
 10
  1
514
  1
431
 30
 10
 12
001912
 21
  1
 10
  0
  1
241
202
  1
 10
 10
  2
  0
 12
 10
 20
  0
 20
821
 10
  3
 10
  4
  2
  8
 10
 11
 10
812
 10
 12
440
 14
 20
 11
 80
  1
  0
 12
 10
 10
 10
  0
  0
410
  1
 11
 10
  2
500
711
  0
 18
 10
710
  0
  1
  0
912
 10
 10
 20
 10
 11
 10
410
 10
 10
  1
  0
 21
 10
  0
  1
 11
 10
 11
  0
  1
011
000
  1
 21
 20113
  1
 11110
401
002600201
 31
 10
 11
  1
  1
 10
 10
  0
 10
  1
  1
  0
 61
  0
  7
  5
  0
  0
 12
 12
 11
 82
 11
312
 11
312
 11
311
 71
011
010
010
  1
 10
  0
 10
  0
 10
  0
 40
  1
001
000
000
  1
611
  2
111
  2
711
  2
  0
  1
 40
 10810
  1
 10
 11
 10
 11
 11
710
  1
  1
 14
 10
 13
  4
  0001
  1
  1
 10
 40
 30
401
  1
110
  1
 10
  0
 10
  0
  0
 10
  2
  0
 40
 44
 12
 43
 10
  1
 21
813
  1
  1
 10
 10
 10
  0
 10
 20
  1
 10
 17
 10
 11
 11
 10
 10
 10
 10
 10
 10
 10
 10
  0
  0
  1
  1
088
080
080
080
080
  8
  0
533
 13
  3
 20
  0
008
233
230
230
003
  8
  0
 30
  1
  1
  0
  0
008
203700
200
003
  8
  0
  0
 10
  0
100
400
008
203
500
200
003
  8
  3
 12
 11
  9
 10
 18
  1
 11
 13
 12
 10
 10
 10
 10
 14
 11
 11
 10
 10
811
 10
 13
 11
  1
  1
312
 11
  2
 10
 10
  1
 11901
  1
 41
 10
  1
 10
 13
  0
  1
  4
  1
 11
  0
 10
 10
  4
  1
  0
 10
 20
  2
 13
 13
510
  1
  0
  1
  1
  1
601
  0
  0
911
 31
  0
 10
 12
  0
401
 10
 10
 10
124
 20
 43
  1802
210
210
210
220
210510
210310
240
220
210
210
210
210
210
210
  0
  1
111
721
 11
 10
 10
 10
 21
 11
 10
 10
 10
 12
 31
 21
611
611
  1
  1
  1
 10
  0
111
  1
 10
 40
  0
  0
 11
  1
  1
 41
 10
601
600
  4
  1101
  0
  0
  1
 21
  1
200
 21
 11
  2101
  1
  2
 12
 10
 10
  1
  1
 14
  1
 11
  0
 10
  1
  0
  1
301
  1
 11
 10
  1
 10
 11
 30
  1
  1
 41
  0
 20
  2
 22
  0
 21
 10
 12
  0
 10
  3
  0
  0
  1
012
  1
  5
  1
  2
  9
 14
  9
  2
  0
 31
611
  1
  0
  0
 10
 10
  1
  0
  2
  1
 10
  2
  0
 21
101
  0
  0
301
314
 10
  1
 11
  0
 14
  1
300
  2911
 21
 41
  0
  0
110
  0
 11
  1
301
304
  1
 11
 31
 11
  0
  0
  0
 10
 10
  0
  0
  1
  1
 10
  0
  0
  1111
  3
  0
 20
 12
 21
 13
501
  1
 10
 31
  3
  0
 12
  0
111
511
  0
  0
710
 21
013
 11
  0
  3
  1
  0
  0
 31
  1
 12
  0
 21
 11
 11
  2
  0
  2
  0
  1
 41
  1
  1
  1
 41
  1
 11
 10
  0
  1
302
 50
  3
  1
 24
 20
  2
611
  0
  1
  0
 10
 10
  0
400
 10801
601
 14
  8
  4
  4
 12
 21
 11
  0
  1
  0
 10
  1
 41
 11
 10
212
 41
 10
  1
 41
  1
  0
 10
 13
 20
 10
  1
601
 21
712
  1
  0
 20
 10
  0
 12
 10
  0
  0
  1
 10
  0400
  0
 10
  3
  0
  1
 10
 10
  0
 10
 10
813
  1
  0
  1
  0
 10
  1
 30
  2320
 88
 12
 11
 12
 21
 10
 10
 10
  2
  1
 21
 41
  3
 10
 33
 61
 11
 11
 10
 10
  1280
  1
  1
  1
 11
 10
 41
 10
 10
 10
  4
 34
  0
511
 10
  1
  1
  1
 12
401
  1
  0
  1981
  1
  1
  0
 11
  2
 11
  0
 11
  1
  0
 10
  4
  1
  1
 10
  1
 10
  0
  1
  1
001
  1
  1
 21
  1
  1
 10
 18
  2
 12
 80
313811
  0
  0
412
  0
  0
  0
 13
  1
 81
  1201
 10
 10
 41
 11
811
  0
 10
 10
 41
  1
  0
 81
 21
  1
 21
 11
  0
  1
  2
  1
 82308
  1
  0
  0
 10
  1
 11
  4
  0
  0
  0
  1
 20
  0
  1
  1
 21
 10
 12
 13480
  0
111
  1
  0
911
 42
601
 11
 10
 11
 11
 20
  1
 30
501
111
 12
 13
  0
  1
  0
  0
  1
 12
  0
 14
 10
 12
  0
701
  0
  0
  1
 10
  2
 13
 10
  3
 10
  1
 11
  3
 13
 10
  0
 11
 20
 11
  3
  0
 10
 10
 10
 10
 10
  0
 10
 10
  0
  1
300
  4
 10
  0
  7
  9
  5
 18
 14
 14
 10
 10
 10
 11
 10
 10
 10
 10
 11
 10
 10701
  1
 11
 11
  2
 11
711
  1
  0
 21
  1
 30
  2
  0
 10
  0
  1
  1
 10
  0
  1
  3
  0
531
  1
  0
  1
  0
 10
 10
  0
310
 11
  0
  1
  1
  0
 10
 10
010
300
  0
 10
 11
 10
  1
  1
  0
 13
  3
 11
 10
  0
  0
 20
  1
 31
  3
 21
  1
 20
  1
411
100
  1
  0811
610
600
  2
112
  1101
  1
  0
  1
 12
 10
  0
 10
 10
 11
 10
  1
 10
  0
  1
  0
  0
  1
202
  0
 12
 11
  0
  0
  0
  1
  0
 11
 20
  1
  0
511
010
  1
  3
  1
800
800
  0
 10
  1
  1
 11
 11
 31
 10
  1
 31
  1
  1
  0
  0
  0
  0
  1
 20
  0301
  3
 10
  0
  1
  1
  0
  0
 21
021
 11
  0
  0
  0
  1220
  1
 10
  1
  1
  0
 11
 22
 13
 10
  0
321
 20
  1
  1
 10
  1
  3
 10
  0
  1
 10
 11
 10
  2
  1
  0
441
 11
  0
 12
 20
611
 10
  2
  1
  2
111
  0
  1
200
  6
  8
  1
 12
  6
  6
 11
  0611
  1
 10701
400311
  0
 10
  1
 10
711
  0
811
  1
 10
 14
 10
  1
 40
  0
 11
  0
  1110
301
811
  0
614
  0
111
 10
 10
  1
 10
  1
  3
  1
  6
 40
  6
  0
 10
  1
  0
 11
 10
  1
  0
 40
 10
  0
 21
  1
 11
 10
  0
 21
 12
 11
 20
 10
 12
  1
 10
 11
  3
  0
  1
111
  1
  1
 11
  1
 10
  0
  1
 11
  0
 10
 10
 10
  0
  0
 11
 10
 11
 10
 10
 10
  0
  1
  1
 11
 10
 10
 10
  1
  1
  1
 11
411
  1
  1
  1
  1
  1
201
  1
  1
  1
  1
  1
201
  1
  1
  1
  1
  1
  1
  1
  1
  1
  1
  1
  1
  1
  1
  1
  1
  1
  1
  1
  1
  1
  1
  1
  1
  1
  1
  1
  1
  1
  1
  1
  1
  0
  1
  1
  1
  1
 11
 10
  1
  1
401
  1
  1
  1
  1
  0
 10
  1
  0
  1
 10
 10
  1
 10
 11
411
 10
110
  1
 11
  0
 10
 10
 10
  1
  0
 11
 10
111
  4
 11
 10
  0
  1
 11
  4
  1914
 11
  4
 11
  4
  1
 14
  1
  4
611
  4
  1
714
 11
  0
 11
  4
  1
 14
  1
 11
 10
  0
 10
 10
  1
  0
 11
 10
111
  4
  1
  0
  1
014
211
  4
 84
581
  4
214
 11
  8814
 11
  8
614
311
  4
 14
 11
  4
 14
 10
  8
 14
611
  4
 18
 11
  4
 84
 11
  4
214
611
  4
114
 11
  4
114
 11
  4
 14
711
  8
 14
011
  4
 14
 11
  4
314
 11
  4
 80
 80
  0
514
 33
  3
 26
  2
 40
 21
 11
 10
 10
 10
 10
 10
 10
 10
 10
 10
 10
 10
 10
 10
 10
 10
 10
 10
 10
 10
 10
  1
  0
 11
 10
 10
 10
 10
 10
 10
 10
 10
 10
710
 10
 10
 10
 10
 10
 10
 10
  1101
  0
  1
 10
 10
 10
 10
 10
 10
 10
 10
 10
 10
 10
 10
 10
 10
 10
 10
  1
  1
  1
  0
  1
 10
 10
 10
 10
 10
110
 10
 10
  1
 10
 10
010
 10
010
 10
  0
  1
  1
  1
000
 13
 10
 10
 10
 10
 10
 10
 10
  1
  1
 10
 10
 10
 10
 10
 10
  0
  1
  1
  1
  0
 11
 10
 10
 10
 10
 10
 10
  1
  1
 10
 10
 10
 10
 10
 10
 10
 10
  0
  1
  1100
  1
 11
 10
 10
 10
  1
  0
  1
 11
 20
 11
 10
 10
910
 10
 10
 10
 10
  1
  1
  0
  1
  1
 11
 10
  0
 11
  0
  1
  1
  0
  1
  0
  0
  0
  0
  0
  0
  0
  1
  1
  0
  1
  1
  1
 10
110
  1
 10
  1
  1
  0
 10
 10
 12
 10
 10
 10
  1
  0
  1101
000
  1
  1
 11
 10
  0
 11
  0
  1
  1
  0
  0
  0
  1
  0
700
  0
  1
  0
  1
  1
  0
501
  1
  1
 10
 10
  1
 10
  1
  1
  0
  0
  0
 10
 10
  1
  0
  1
  0
  1
  1
000
  1
  1
 11
 10
  0
 11
  0
  1
  1
  0
  0
  0
  0
  0
  1
  0
  1
  0
  1
  1
  0
  1
  1
  1
 10
 10
  1
 10
  1
  1
700
  0
  0
  0
  0
 10
 20
  1
  0
  1
001100
  1
  1
 11
 10
  0
 10
  0
  1
  1
  0
  0
  0
  0
  0
  0
  0
  1
  0
  1
  1
  0
101
  1
 10
 10
 10
 10
 10
  0
  1
  0
  0
  0
  0
800
  0
  0
 10
720
  1
  1
  0
 13
 10
 10
 10
 10
 10
 10
 10
  1
  0
  0
  0
  0
  0
  0
  0
  0
  0
  1
  1
  0
 11
 10
 10
 10
 10
 10
 10
  1
 11
 20
511
510
510
510
510
510
510
110
  1101
  0
  0
 11
 10
 10
 10
  1
  0
  1
  1
  0
501
500
500
500
500
500
500
100
  1
  1
  0
  0
  1
 11
 10
  0
 11
  0
  1
  1
  0
 20
 10
 11
 10
 10
 10
501
100
  1
  1
411
  1
  1
  1
 10
 10
  1
 10
  1
  1
  0
  0
  0
  1
700
  0
  0
501
100
  1
  1
 10
  0
  1
 11
 10
  0
 11
  0
  1
  1
  0
  0
  0
 20
 10
  1
  0
501
500
  1
  1
211
  1
  1
  1
 10
 10
  1
 10
  1
  1
800
900
  0
  0
  0
  2
  0
501
500
  1
  1
 10
  0
  1
 11
 10
  0
 11
  0
  1
  1000100
  0
  0
  0
 10
 10
501
500
  1
  1
311
  1
  1
501
 10
 10
  1
 10
  1
  1
  0
  0
  0
  0
  0
  0
  0
502
500
  1201
 10
  0
  1
 11
 10
  0
 10
  0
  1
  1
  0
  0
  0
  0
  0
  0
  0
 10
 10
  1
  1
311
401
  1
 10
 10
 10
 10
 10
  0
  1
  0
  0
  0
  0
  0
  0
  0
  0
  0
  1
  1
 10
 10
 10
 11
 10
 10
 10
 10
 10
 10
  1
 11
 10
 10
 10
 10
 10
 10
 10
  1
  1
411
  1
  0
  1
  0
  0
700
  0
  0
  0
  1
  1
  0
  0
  0
700
  0
  0
  0
  1
  1
 10
  0
  0
  1
  0
  0
  0
  0
100
  0
  1
  1
  0
  0
  0
  0
  0
  0
  0
  1
  1
211
  1000
  1
  0
  0
  0
  0
  0
  0
  1
  1
  0
  0
  0
  0
  0
  0
  0
  1
  1
 10
 11
 10
  0
  0
  0
 31
  1
  0
  0
 31
  1
  0
  0
 31
  1
  0
  0
 31
  1
  1
411
  1
  0
  0
  0
  0
  1
  1
700
  0
  1001
  0
  0
  1
  1000
  0
  1
  1
601
610
  1
 31
  1
  0
  0
  1
  1
  0
  0
  1
  1
  0
  0
  1
  1
  0
  0
  1
  1
601
211
  1
  1
  1
  0
  0
  1
  1
  0
  0
  1
  1
  0
  0
  1
  1
  0
  0
  1
  1
301
310
  1
  1
  1
  0
  0
  1
  1
  0
  0
  1
  1
  0
  0
  1
  1
  0
  0
  1
  1
301800
 11
 20
 10
 10
 10
 20
 10
 10
 10
 20
 10
 10
 10
 20
 10
 10
 10
 20
  1
111
 10
  3
  0
 11
 10
  3
  0
 11
 10
  1
  0
711
 10
  3
  0
 11
 10
  3
  0
  1
  1
  0
  1
  0
  2
  0
  1
  0
  1
  0
  1
  0
  2
  0
  1
  0
  2
  0
  1
  0
  1
  1
  0
 10
 10
  0
  0
 10
 10
  0
  0
 10
 10
  0
  0
 10
 10
  0
  0
 10
 10
  0
  1
  0
  0
  0
  0
500
  0
  0
  0
  0
  0
  0
  0
  0
  0
  0
  0
  0
  0
500
  0
 36
  2
  0
  0
  6
 21
 11
  0
111
 10
 10
 10
  0
311
  0
 11
  3
 11
  2
 10
 10
 40
 10
 80
 10
 14
611
  1
 14
 10
 10
 21
  1
  1
 11
 10
 10
 10
  4
  1
011
  1
114
  1
341
  4
 11
  0
711
 11
 10801
011
 30
  1
  0
  1
313
  1
211
  1
 40
  0
 10
300
 10
  0
  1911
  1
 20
  1
  0
501
 11
  0
 10
  1
 11
  0
 20
 33
111
  4
141
  1
311
  4
  7
601
 11
  2
411
 10
 13
  0
  0
  0
 10
  0
212
  2
 30
 10
  0
 10
  0
 10
  0
 14
604
901
 11
 10
 10
 10
000
 12
  1
 12
  1
 10
  0
 11
 21
611
 10
 11
 20
 10
221
213
  3
  4
  3
 21
 10
 13
 10
 13
  0
 20
  2
  0
 10
 11
  2
  0
  1
 10
  0
112
  2
  1
  0
 10
 13
  4
 20
 10
412
 10
  3
  0
  1
  1
611
  1
 10
 10
  1
  0110
 11
 10
  4
  0
  0
 40
  1
 10
 10
  1
  2
  0
 13
 40
  1
 12
 13
  1
  1
 13
210
  1
  1
  1
 18
 13
 11
 10
  0
 10
 11
 10911
  1
  1
  0
  1
 10
 20
  0
  0
721
 31100
  0
  1
 31
 10
 10
 10
  1
 13
 21
 14
 11
  0
 21
  1
  1
  2
  0
  1
  1
 16
  1
  1
 12
  0
  1
  1
  1
 14
  0
323
 13
  0
 21
 11
 10
  0800
  1
801
 14
  0
  0
  0
 10
  2
501
  1
  0
  1
 11
  0
  9
 12
  6
  3
  8
 10
 11
  3
 50
  0512
 10
 10
 11
 10
 10
  1
  1
 41
  1
 11
  1
  0
 13
  1
  1
201
 11
  0
 10
  0
 10
  1
  1
 80
601
 11
  0
311
  4
 11
  1
110
  1
  1
 10
 10
  1
 11
  0
  2
  1
 11
  0
410
  1811
  0
 11
 20
700
  1
 10
  4
 11
  0911
  1
 10
 10
 10100
 11
  0
910
101
004
 11
801
 11
  1
 11
  0
  0
  0
010
  6
  1
  7
  1
 20
 20
 11
 10
 10
 10
 10
 11
 10
 80
 10
 10
 11
 10
 10
 10
 10
 11
 10
 10
 10
 10
  1
  0
 21
  1
  0
  1
 11
 20
 10
  1
  1
  0
 21
  1
  0
  1
 11
 20
 10
  1
  8
 12
200
 10
  2
  8
  2
122
  2
  2
  8
 12
600
 10
  2
  8
  2
422
  2
  2
  1
 10
  1
 11
  0
  1
  1
 20
  0
  1
  1
 10
  1
 11
  0
  1
  1
 20
  0
  1
  1
  0
 20
  0
  0
  1
 10
 20
 10
  0
  1
  0
 20
  0
  0
  1
 10
 20
 10
  0
 11
 10
 80
 10
 10
 11
 10
 80
 11
 10
 11
 10
 80
 10
 10
 11
 10
 10
 11
 10
  1
 11
 20
 10
  1
  1
 10
 10
  0
  1
  1
 11
 20
 10
  1
  1
 10
 10
  0
  1
  8
  2
322
  2
  2
 18
  1
313
  3
  1
  8
  2822
  2
  2
 18
  1
313
  3
  1
  1
  1
 20
  0
  1
  1
  1
 10
  0
 10
  1
  1
 20
  0
  1
  1
  1
 10
  0
 10
  1
 10
 20
 10
  0
  1
  0
 11
 10
  0
  1
 10
 20
 10
  0
  1
  0
 11
 10
  0
 11
 10
 10
 10
 10
 11
 10
 80
 10
 10
 11
 10
 10
 10
 10
 11
 10
 80
 10
 10
  1
  0
 21901
  0
  1
 11
 20
 10
  1
  1
  0
 21
  1
  0
  1
 11
 20
 10
  1
  1
 21
300
 10
  2
  8
  2
622
  2
  2
  8
 12
300
 10
  2
  8
  2
122
  2
  2
  1
 10
  1
 11
  0
  1
  1
 20
  0
  1
  1
 10
  1
 11
  0
  1
  1
 20
  0
  1
  1
  0
 20
  0
  0
  1
 10
 20
 10
  0
  1
  0
 20
  0
  0
  1
 10
 20
 10
  0
 11
 10
 80
 10
 10
 11
 10
 10
 11
 10
 11
 10
 10
 10
 10
 11
 10
 80
 11
 10
  1
 11
 20
 10
  1
  1
 10
 10
  0
  1
  1
 11
 20
 10
  1
  1
 10
 10
  0
  1
  1
  2
622
  2
  2
 18
  1
331
  1
  1
  8
  2
122
  2
  2
 18
  1
431
  1
  1
  1
  1
 20
  0
  1
  1
  1
 30
  0
 10
  1
  1
 20
  0
  1
  1
  1
 30
  0
 10
  1
 10
 20
 10
  0
  1
  0
 11
 10
  0
  1
 10
 20
 10
  0
  1
  0
 11
 10
  0
  8
 13
 12
  4
  4
  6
 11
514
 14
 14014914
 41
 44
 44
 44
 44
 44
 81
711
601
604811
411
 41
  4
 10
 10
  0
 44
  3
  5
  1
  6
  7
 20
 10
  1100
  0
  0
  0
  0
  0
  0100
  0
  0
  0
  1
  1
  0
  0100
  0
 11
  0
 10
 12
 10111
 10
  1
  0
  0
  0
  0
  0
  0
  1901
  0
 11110
 10
  0
  0
  0
  1
  0
  1
400
 11
410
 10
  1
  0
  0
  0
601
 11
 10
  0
  0
  0
  0101
  0
 10
 10
 20
 10
  0
  0
  0
 10
 10865
 15
 10
  0
  0
  0
700
 11110
  0
  0
  0
  0
  0
  0
  0
 11
 10
 10
 10
 60
 10
  1100
  0
  0
  0
 40
 40
  0
  1
 11
  0
 11
 10
 10
  0
  0
500
  0
  0
  0
 10
 10
 10
 10
  1
  0
  0
  0
 11
 10
 10
  0100
  0
  0
 10
 10
 10
  0
  0100
  0
  0
  0
 10
 10
  1
  4
 12
  2
 15
  8
 14811
  1
  1
  1
  1
  1
  1
  1
 10
  1
 11
 10
 13
 10
  1
  1
  1
  1
  1
  1
  1
 10
  1001
  1
511
  1
 10
 31
  1
 31
  1
  1
  1110
  1
  1
  1
 20
 30
 10
 12
  1
  1
  1
  1
  1
 10
  1
  1
  1
  1
 12
  1
 11
  0
  1
  1
  1
  1110
  1
  1
 31
  1
  1
  1
  1
  1100
  1
  1
  1
 10
  1
  1
  1
  1
  1
  1
  1
  1
 13
 10
  1
  1
 10
  1
  1
 31
  1
  1
  1
  1
 10
  0
 10
 41
  8
 10
  1
  1
  1
  1
  1
  1
  1
 10
  1
600900
  1
  1
  1
  8
 13
 40
 21
 11
 10
 10
 10
011
010
010
010
441
611
  1
611
441
111
110
110
110
 11
 10
 10
 10
  0
  0
  0
  0
001
000
000
000
111
  1
  1
  1
111
101
100
100
100
  1
  0
  0
  0
  0
  0
  0
  0
240
210
210
210
 50
 60
 70
 60
 50
210
240
210
210
  0
  0
  0
  0
  0
  0
  0
  0
111
110
110
110
 11
 10
 10
 10
 10
011
040
010
010
  1
  0
  0
  0
  0
  0
  0
  0
114
100
100
100
  1
  1
  0
  0
  1
001
000
000
000
  1
  0
  0
  0
  0
  0
  0
  0
 10
 10
 10
 10
  0
  1
  0
  0
  1
 10
 10
 10
 10
  0
  0
  0
  0
010
010
010
010
010
010
010
010
010
010
 21
011
010
010
010
010
010
010
010
010
010
000
000
000
000
000
000
000
000
000
000
  1
001
000
000
000
000
000
000
000
000
000
000
000
000
000
000
000
000
000
000
000
  1
001
000
000
000
000
000
000
000
000
000
 21
 10
 10
 10
 10
 10
 10
 10
 10
 10
 70
 10
 10
 10
 10
 10
 10
 10
 10
 10
 20
  1
514
 14
 11
 11
 11
 11
 11
 11
 11
 11
 11
 11
 11
 11
 11
 11
 11
 11
541
  1
  1
 11022
920
920
920
920
920
920
920
920
920
920
920
920
920
920
920020
 41
  1
  1
 11
902000
800
800
800
800
800
800
800
800
800
800
800
800
800000
900
 12
  1
  1
 11
902
800
900408400400400400400400400400400400
908
800
900
 12
  1
  1
 11
902
800380100100100100100100100100100100100580
800
900
 12
  1
  1
 11
902
800300100
555
550
550
550
550
550
550
550
550105500
800
900
 12
  1
  1
 11
902
800300100
505
688
680
680
680
680
680
680
508105500
900
900
 12
  1
  1
 11
902
800300100
505
608
144
140
140
140
140
604
508105500
800
900
 12
  1
  1
 11
902
800300100
505
608
104
700
700
700
100
604
505105500
800
900
 12
  1
 61
 11
902
800300100
505
608
104
700600
700
100
604
505105500
800
900
 12
 61
  1
 11
902
800300100
505
608
104
700
700
700
100
604
508105500
800
900
 12
  1
  1
 11
902
800300100
505
608
104
100
100
100
100
604
508105500
800
900
 11
  1
  1
 11
902
800300100
505
608
640
640
640
640
640
600
508105500
800
900
 12
  1
  1
 11
902
800300100
505
580
580
580
580
580
580
580
500105500
800
900
 12
  1
  1
 11
902
800300100150150150150150150150150150100500
800
900
 12
  1
  1
 11
902
800
980208200200200200200200200200200200
988
800
900
 12
  1
  1
 11
902000
800
800
800
800
800
800
800
800
800
800
800
800
800000
900
 12
  1
  1
 11002
900
900
900
900
900
900
900
900
900
900
900
900
900
900
900000
 12
  1
  1
541
 21
 20
 20
 20
 20
 20
 20
 20
 20
 20
 20
 20
 20
 20
 20
 20
 20
514
  4
  1
 40
 10
 10
 10
 10
 10
 10
 10
 10
 10
 10
 10
 10
 10
 10
 10
 10
 10
 10
  0
 11
 10
 10
 10
 10
 10
 10
 10
 10
 10
 10
 10
 10
 10
 10
 10
 10
 10
 10
 10
 10
  1
  0
  0
  1
  0
  0
  0
  0
  1
  0
  0
  0
  1
  0
 11
 10
 10
 10
  0
  0
  0
  1
  0
  0
  1
  0
  0
  0
  0
  1
  0
  0
  0
  1
  0
  1
  0
  0
  0
  0
  0
  0
  1
  0
  0
  1
  0
  0
  0
  0
  1
700
  0
  0
  1
  0
  1
  0
  0
  0
  0
  0
  0
  1
  0
  0
  1
  0
  0
  0
  0
 10
 10
 11
 10
  0
  0
  1
  0
  0
  0
  0
  0
  0
  1
  0
  0
  1
  0
  0
  0
  0
  0
  0
  1
  0
  0
  0
 11
 10
  0
  0
  0
  0
  0
  1
  0
  0
 11
 10
 10
  1
  0
  0
  0
  1
  0
  0
  0
  1
  0
  0
  0
  0
  0
  0
  1
  0
  0
  1
  0
  0
  1
  0
  0
  0
  1
  0
  0
  0
  1
  0
  0
  0
  0
  0
  0
  1
  0
  0
  1
  0
  0
  1
  0
  0
  0
  0
  0
  0
  0
  1
  0
  0
  0
  0
  0
  0
  1
  0
  0
 10
 10
 10
  0
  0
  0
  0
571
  1
  0
  0
 10
 10
 10
 10
  0
  0
  0
 20
 11
  0
  0